     index            Field [G]         Intensity []

         1               3332.7 -0.00372509839210326
         2     3332.90046697799  0.00025639868029431
         3     3333.10093395597 -0.000386479552144302
         4     3333.30140093396 -0.000150446964389068
         5     3333.50186791194  -0.0036459032475275
         6     3333.70233488993 -0.00108215454763343
         7     3333.90280186791 -0.00575622092357598
         8      3334.1032688459 -0.00497203370767865
         9     3334.30373582388 -0.00509936707738871
        10     3334.50420280187  -0.0038306919182043
        11     3334.70466977985 -0.00298749655536815
        12     3334.90513675784 -0.00121414645525972
        13     3335.10560373582  0.00138376485601999
        14     3335.30607071381  -0.0030620331620277
        15     3335.50653769179 -0.00263965905762359
        16     3335.70700466978  0.00551588798770874
        17     3335.90747164776  0.00102971597438713
        18     3336.10793862575 -0.00537266796847371
        19     3336.30840560374 -0.00189584583700017
        20     3336.50887258172 -0.00125607329650571
        21     3336.70933955971 -0.00112408138887942
        22     3336.90980653769 -0.00261170783012626
        23     3337.11027351568  -0.0016380734056359
        24     3337.31074049366  0.00317419626182124
        25     3337.51120747165  0.00283878153185327
        26     3337.71167444963  0.00162911451960767
        27     3337.91214142762 -0.00150142296009339
        28      3338.1126084056  0.00133873232282984
        29     3338.31307538359 0.000143040924332912
        30     3338.51354236157  0.00171296820209966
        31     3338.71400933956 -0.00525620452056818
        32     3338.91447631754 -0.00468631004881704
        33     3339.11494329553 -0.00317073238007288
        34     3339.31541027352   -0.002585309448601
        35      3339.5158772515 -0.00238965085611968
        36     3339.71634422949 -0.00042064216352993
        37     3339.91681120747  -0.0078106361446298
        38     3340.11727818546  1.4154708650776e-05
        39     3340.31774516344 -0.00356981379489588
        40     3340.51821214143 -0.00193466698630202
        41     3340.71867911941 -0.00197504098157594
        42      3340.9191460974 -0.00499532639725975
        43     3341.11961307538 -0.00558851355859199
        44     3341.32008005337 0.000543675185127993
        45     3341.52054703135 0.000397707663753031
        46     3341.72101400934    0.002980090515312
        47     3341.92148098732 -0.00254027691541086
        48     3342.12194796531  0.00264933432326025
        49      3342.3224149433 -0.00395181390402606
        50     3342.52288192128 -0.00238809801014761
        51     3342.72334889927 -0.000923764258481888
        52     3342.92381587725 -0.000799536580715974
        53     3343.12428285524  -0.0019175856806092
        54     3343.32474983322  0.00125022010242163
        55     3343.52521681121  -0.0007560568934979
        56     3343.72568378919  0.00273318800575224
        57     3343.92615076718 -5.26176681484085e-05
        58     3344.12661774516 -0.00179335800284329
        59     3344.32708472315 -0.00434157824301663
        60     3344.52755170113 -0.00125917898844985
        61     3344.72801867912 -0.000384926706172228
        62      3344.9284856571 -0.00519409068168521
        63     3345.12895263509 0.000205154763215869
        64     3345.32941961308 -0.00112718708082357
        65     3345.52988659106 -0.00470183850853777
        66     3345.73035356905 -0.000332129943121718
        67     3345.93082054703  -0.0019533011379669
        68     3346.13128752502  -0.0044564888449501
        69       3346.331754503 -0.000214113649244097
        70     3346.53222148099 -0.00592548113453204
        71     3346.73268845897 -0.00445493599897802
        72     3346.93315543696 -0.00562888755386592
        73     3347.13362241494 -7.28046657853679e-05
        74     3347.33408939293  -0.0042717001742733
        75     3347.53455637091 -0.00305271608619525
        76      3347.7350233489 -0.00234461832292954
        77     3347.93549032688 -0.00302942339661415
        78     3348.13595730487  0.00308413119544095
        79     3348.33642428286 -0.000471886080608363
        80     3348.53689126084 0.000284349907791634
        81     3348.73735823883 -0.00219865080155459
        82     3348.93782521681 -0.00482606618630369
        83      3349.1382921948 -0.00545031026707742
        84     3349.33875917278 -0.00501861908684086
        85     3349.53922615077 0.000504854035826138
        86     3349.73969312875 0.000371309282227781
        87     3349.94016010674 -0.000169081116053953
        88     3350.14062708472  -0.0021800166498897
        89     3350.34109406271 -0.00538198504430616
        90     3350.54156104069 -0.00526086305848439
        91     3350.74202801868 -0.00174677262368108
        92     3350.94249499666 0.000108878312947283
        93     3351.14296197465 -0.00417697656997678
        94     3351.34342895263 -0.00584007460606798
        95     3351.54389593062  0.00174557796751322
        96     3351.74436290861 -0.00111476431304698
        97     3351.94482988659 -0.00131818713538867
        98     3352.14529686458  0.00183874872583765
        99     3352.34576384256  0.00382328587814815
       100     3352.54623082055 -0.00448909861036365
       101     3352.74669779853 -0.00588821283120227
       102     3352.94716477652 -0.00582609899231931
       103      3353.1476317545  -0.0024005207779242
       104     3353.34809873249 -0.00365832601530409
       105     3353.54856571047 -0.00143775627523836
       106     3353.74903268846 -0.00656370082905443
       107     3353.94949966644 -0.00268624443678581
       108     3354.14996664443 -0.000574373914765246
       109     3354.35043362241  0.00201732601262615
       110      3354.5509006004 -0.00100606509500181
       111     3354.75136757839 -0.000173739653970173
       112     3354.95183455637 -0.00465370028340348
       113     3355.15230153436 -0.00083835773001782
       114     3355.35276851234 -0.00377013092529341
       115     3355.55323549033 -0.00202317920671022
       116     3355.75370246831 -0.00134458551691392
       117      3355.9541694463 -0.00633698531713163
       118     3356.15463642428  0.00194744794388283
       119     3356.35510340227 0.000436528813054878
       120     3356.55557038025 0.000222236068908683
       121     3356.75603735824 -0.00662892035988154
       122     3356.95650433622 -0.00506054592808685
       123     3357.15697131421 -0.00297352094161949
       124     3357.35743829219   -0.002627236289847
       125     3357.55790527018 -0.00563354609178214
       126     3357.75837224817 -0.00461487913410163
       127     3357.95883922615 -0.00601088766299611
       128     3358.15930620414  0.00284965145365778
       129     3358.35977318212 -0.000124048582863812
       130     3358.56024016011  0.00118500057159452
       131     3358.76070713809 -0.000906682952789073
       132     3358.96117411608 -0.00153247987953487
       133     3359.16164109406  -0.0036816187048852
       134     3359.36210807205 0.000108878312947281
       135     3359.56257505003  0.00254218795118715
       136     3359.76304202802  0.00511991226482988
       137       3359.963509006 -0.00245331754097471
       138     3360.16397598399 -0.00818487202389962
       139     3360.36444296197 -0.00633232677921541
       140     3360.56490993996 -0.00114737407846053
       141     3360.76537691795 -0.00176230108340181
       142     3360.96584389593 -0.00974392937986186
       143     3361.16631087392 -0.00225300041057718
       144      3361.3667778519 -0.00029796733173609
       145     3361.56724482989 -0.00347509019059936
       146     3361.76771180787 -0.00361950486600224
       147     3361.96817878586 -0.00465835882131971
       148     3362.16864576384  0.00138842339393621
       149     3362.36911274183 -0.00270022005053447
       150     3362.56957971981 -0.00251698422582975
       151      3362.7700466978 -0.00622828609908645
       152     3362.97051367578 -0.00280426073066343
       153     3363.17098065377 -0.000855439035710634
       154     3363.37144763175 -0.000355422632702826
       155     3363.57191460974 -0.00376081384946097
       156     3363.77238158772 4.83763281833023e-06
       157     3363.97284856571 -0.00218778087975007
       158      3364.1733155437 -0.00303097624258622
       159     3364.37378252168  0.00376272488523726
       160     3364.57424949967 -0.00236169962862235
       161     3364.77471647765 0.000473797116384657
       162     3364.97518345564 -0.00108215454763343
       163     3365.17565043362 -0.00083059350015745
       164     3365.37611741161 -0.000479650310468741
       165     3365.57658438959  -0.0026148135220704
       166     3365.77705136758 -0.00506520446600308
       167     3365.97751834556 -0.00319713076159813
       168     3366.17798532355 -0.00349527718823632
       169     3366.37845230153 -0.00219554510961043
       170     3366.57891927952 -0.00311172423313407
       171      3366.7793862575 -0.00300923639897719
       172     3366.97985323549 -0.00232443132529258
       173     3367.18032021348 -0.00181820353839647
       174     3367.38078719146 -0.00343316334935337
       175     3367.58125416945 -0.00423443187094352
       176     3367.78172114743 -0.00259152083248929
       177     3367.98218812542 -0.00544720457513327
       178      3368.1826551034 -0.00275922819747328
       179     3368.38312208139 -0.00149987011412131
       180     3368.58358905937 -9.14388174502531e-05
       181     3368.78405603736 0.000754862237330047
       182     3368.98452301534 -0.000147341272444914
       183     3369.18498999333 -0.00349061865032011
       184     3369.38545697131 -0.00260549644623796
       185      3369.5859239493  0.00220211468330295
       186     3369.78639092728 -0.00167223601702153
       187     3369.98685790527 -0.00233374840112501
       188     3370.18732488326 -0.00131352859747244
       189     3370.38779186124 -0.00325924460048109
       190     3370.58825883923 -0.00116911392206957
       191     3370.78872581721 -0.00520961914140595
       192      3370.9891927952 -0.00490681417685154
       193     3371.18965977318 -0.00329340721186671
       194     3371.39012675117 -0.00530744843764661
       195     3371.59059372915 -0.00648761137642281
       196     3371.79106070714 -0.00325924460048109
       197     3371.99152768512  -0.0044440660771735
       198     3372.19199466311 -0.00465525312937556
       199     3372.39246164109  -0.0044922043023078
       200     3372.59292861908 -0.000162869732165652
       201     3372.79339559706 4.21059361481049e-05
       202     3372.99386257505 -0.00454189537341417
       203     3373.19432955304 -0.00038182101422808
       204     3373.39479653102 -0.00044082916116689
       205     3373.59526350901  -0.0012980001377517
       206     3373.79573048699 -0.000889601647096255
       207     3373.99619746498 -0.00158682948855745
       208     3374.19666444296  0.00447237549447505
       209     3374.39713142095  -0.0044502774610618
       210     3374.59759839893  0.00260585463604218
       211     3374.79806537692 0.000442740196943181
       212      3374.9985323549   -0.005147505302523
       213     3375.19899933289  -0.0041521310344236
       214     3375.39946631087 -0.00403100904860183
       215     3375.59993328886 2.65774764273588e-05
       216     3375.80040026684 -0.00216914672808519
       217     3376.00086724483 7.47157015616511e-05
       218     3376.20133422282  0.00111978104076742
       219      3376.4018012008 -0.00284618757190942
       220     3376.60226817879 -0.00254493545332708
       221     3376.80273515677  0.00434659497073707
       222     3377.00320213476  0.00135270793657851
       223     3377.20366911274 -0.00162099209994308
       224     3377.40413609073 -0.00695967655193328
       225     3377.60460306871  0.00342109877138099
       226      3377.8050700467  0.00175644788931773
       227     3378.00553702468 -0.00279494365483098
       228     3378.20600400267  0.00138065916407584
       229     3378.40647098065  0.00232789520704094
       230     3378.60693795864 -0.00399374074527206
       231     3378.80740493662  -0.0077454166138027
       232     3379.00787191461 -0.000467227542692146
       233     3379.20833889259 -0.00215361826836444
       234     3379.40880587058  0.00128593555977933
       235     3379.60927284857  0.00222696021885614
       236     3379.80973982655 0.000917911064397812
       237     3380.01020680454 0.000646163019284862
       238     3380.21067378252 -0.00274991112164084
       239     3380.41114076051 -0.00501240770295257
       240     3380.61160773849 0.000197390533355495
       241     3380.81207471648 -0.00380739922862318
       242     3381.01254169446 -0.00103246347652705
       243     3381.21300867245  0.00645070126289725
       244     3381.41347565043 -0.00115669115429297
       245     3381.61394262842 -8.98859714781781e-05
       246      3381.8144096064 -0.00102625209263877
       247     3382.01487658439  0.00429845674560277
       248     3382.21534356237 -0.000178398191886393
       249     3382.41581054036 2.96831683715181e-05
       250     3382.61627751835  0.00147538276837235
       251     3382.81674449633  0.00136202501241095
       252     3383.01721147432 -0.000552634071156215
       253      3383.2176784523 -0.00452481406772135
       254     3383.41814543029  0.00264157009339988
       255     3383.61861240827  0.00371458666010296
       256     3383.81907938626 -0.000995195173197283
       257     3384.01954636424  0.00167259420682575
       258     3384.22001334223  0.00099710620897358
       259     3384.42048032021 -0.00299526078522852
       260      3384.6209472982 0.000514171111658585
       261     3384.82141427618 -0.00145483758093117
       262     3385.02188125417  -0.0013104229055283
       263     3385.22234823215 -0.00322818768103961
       264     3385.42281521014 -0.00433226116718418
       265     3385.62328218813  0.00280927745838386
       266     3385.82374916611  0.00264778147728817
       267      3386.0242161441  0.00170675681821136
       268     3386.22468312208 -0.00271264281831107
       269     3386.42515010007  -0.0001302599667521
       270     3386.62561707805  0.00378912326676252
       271     3386.82608405604 -0.00124986191261741
       272     3387.02655103402 -0.00241760208361701
       273     3387.22701801201 -0.000203243727439568
       274     3387.42748498999 -0.000953268331951291
       275     3387.62795196798 -0.00151539857384206
       276     3387.82841894596 -0.00144862619704287
       277     3388.02888592395 -0.00183062630617306
       278     3388.22935290193 -0.000922211412509811
       279     3388.42981987992 -0.00320489499145849
       280     3388.63028685791 -0.00292693556245727
       281     3388.83075383589 -0.00247505738458375
       282     3389.03122081388 -0.00305426893216733
       283     3389.23168779186 -0.000902024414872851
       284     3389.43215476985 -0.00241294354570079
       285     3389.63262174783 -0.00100140655708558
       286     3389.83308872582   0.0013651307043551
       287      3390.0335557038 0.000150805154193274
       288     3390.23402268179  0.00251734241563397
       289     3390.43448965977 -0.00369559431863386
       290     3390.63495663776  0.00041323612347378
       291     3390.83542361574  0.00171296820209967
       292     3391.03589059373  0.00295524497975881
       293     3391.23635757171 0.000320065365149341
       294      3391.4368245497  0.00304065150822288
       295     3391.63729152768 -0.000714130052251902
       296     3391.83775850567  0.00328600117181056
       297     3392.03822548366 0.000948967983839281
       298     3392.23869246164   0.0032300987168159
       299     3392.43915943963  0.00719606732949274
       300     3392.63962641761  0.00721625432712969
       301      3392.8400933956  0.00537923754216623
       302     3393.04056037358   0.0044040502717038
       303     3393.24102735157 0.000467585732496367
       304     3393.44149432955 -0.00249369153624863
       305     3393.64196130754  0.00277200915505408
       306     3393.84242828552   0.0020266430884586
       307     3394.04289526351  0.00107164281563313
       308     3394.24336224149  0.00113065096257194
       309     3394.44382921948 -0.000148894118416986
       310     3394.64429619746     0.00214000084442
       311     3394.84476317545 0.000866667147319369
       312     3395.04523015344  0.00285430999157401
       313     3395.24569713142   0.0009955533630015
       314     3395.44616410941 -0.000687731670726643
       315     3395.64663108739 -0.00353720402948232
       316     3395.84709806538 -0.00147813027051228
       317     3396.04756504336 0.000799894770520187
       318     3396.24803202135  0.00723644132476666
       319     3396.44849899933  0.00551588798770873
       320     3396.64896597732 -0.00415368388039568
       321      3396.8494329553 -0.00681992041444663
       322     3397.04989993329 -0.00166447178716116
       323     3397.25036691127   0.0019194967163855
       324     3397.45083388926  0.00590099378878307
       325     3397.65130086724 -0.00101693501680631
       326     3397.85176784523 -0.00225610610252133
       327     3398.05223482322 -0.00269090297470203
       328      3398.2527018012 -0.000409772241725412
       329     3398.45316877919 0.000900829758704996
       330     3398.65363575717  0.00457175763668779
       331     3398.85410273516   0.0014427730029588
       332     3399.05456971314  0.00674884768953544
       333     3399.25503669113 -0.00107904885568927
       334     3399.45550366911 -0.00430586278565892
       335      3399.6559706471  -0.0018585775336704
       336     3399.85643762508  -0.0016737888629936
       337     3400.05690460307 -0.00188497591519565
       338     3400.25737158105 -0.00528105005612136
       339     3400.45783855904 -0.00152782134161864
       340     3400.65830553702 0.000161675075997795
       341     3400.85877251501  0.00394440786396991
       342     3401.05923949299   0.0029738791314237
       343     3401.25970647098  0.00267107416686928
       344     3401.46017344897 -0.00456829375493942
       345     3401.66064042695 -0.00123588629886874
       346     3401.86110740494 9.02441612823963e-05
       347     3402.06157438292 -0.00130110582969586
       348     3402.26204136091  0.00104213874216372
       349     3402.46250833889   -0.001178430997902
       350     3402.66297531688 -0.00294246402217801
       351     3402.86344229486  -0.0026986672045624
       352     3403.06390927285 0.000453610118747701
       353     3403.26437625083  0.00353135083539825
       354     3403.46484322882 -0.00224989471863303
       355      3403.6653102068 -0.00795660366600475
       356     3403.86577718479 -0.00183217915214513
       357     3404.06624416278 -0.00643015607545607
       358     3404.26671114076 5.45287039246995e-05
       359     3404.46717811875 0.000380626358060222
       360     3404.66764509673  0.00511991226482988
       361     3404.86811207472   0.0077349048818024
       362      3405.0685790527  0.00464474139737526
       363     3405.26904603069 -0.000711024360307752
       364     3405.46951300867 0.000770390697050778
       365     3405.66997998666  0.00196608209554772
       366     3405.87044696464  0.00178129342487092
       367     3406.07091394263 0.000416341815417925
       368     3406.27138092061 -0.000981219559448623
       369      3406.4718478986 -0.00142999204537799
       370     3406.67231487658 0.000950520829811353
       371     3406.87278185457  0.00413696076450708
       372     3407.07324883255 -0.000120942890919655
       373     3407.27371581054 -0.00133682128705355
       374     3407.47418278853    -0.00378255369307
       375     3407.67464976651 0.000326276749037638
       376      3407.8751167445 -0.00293469979231764
       377     3408.07558372248 -0.00163962625160797
       378     3408.27605070047 -0.000234300646881059
       379     3408.47651767845 -0.000762268277386197
       380     3408.67698465644  0.00157010637266886
       381     3408.87745163442 -0.00205113043420756
       382     3409.07791861241  0.00252510664549433
       383     3409.27838559039 -0.000794878042799746
       384     3409.47885256838 -0.000207902265355802
       385     3409.67931954636 0.000716041088028196
       386     3409.87978652435 -0.00095947971583958
       387     3410.08025350233  0.00232323666912473
       388     3410.28072048032  0.00189154548888816
       389     3410.48118745831 -0.00371112277835461
       390     3410.68165443629  0.00160737467599863
       391     3410.88212141428 0.000646163019284868
       392     3411.08258839226  0.00546930260854652
       393     3411.28305537025  0.00103903305021957
       394     3411.48352234823 -0.00333067551519649
       395     3411.68398932622  0.00175955358126188
       396      3411.8844563042 -0.00391765129264044
       397     3412.08492328219 -0.00182441492228477
       398     3412.28539026017 -0.00244710615708642
       399     3412.48585723816  0.00216639922594526
       400     3412.68632421614  0.00165240720918878
       401     3412.88679119413 -0.00022808926299276
       402     3413.08725817211 0.000278138523903346
       403      3413.2877251501  0.00309810680918962
       404     3413.48819212809  0.00215242361219659
       405     3413.68865910607  -0.0018461547658938
       406     3413.88912608406 -0.00362882194183469
       407     3414.08959306204 -0.00411486273109383
       408     3414.29006004003 -0.00404343181637843
       409     3414.49052701801  -0.0026148135220704
       410       3414.690993996 -0.000406666549781264
       411     3414.89146097398 -0.00571429408232999
       412     3415.09192795197 -0.00167534170896567
       413     3415.29239492995  0.00353756221928654
       414     3415.49286190794  0.00391645663647258
       415     3415.69332888592 -0.000512260075882295
       416     3415.89379586391 -0.000349211248814529
       417     3416.09426284189  0.00043342312111074
       418     3416.29472981988 -0.00175608969951351
       419     3416.49519679786 -0.00068152028683835
       420     3416.69566377585  0.00640101019179088
       421     3416.89613075384 -0.000620959293927468
       422     3417.09659773182 0.000782813464827376
       423     3417.29706470981 -0.00103712201444328
       424     3417.49753168779  0.00181700888222862
       425     3417.69799866578  0.00574105065365946
       426     3417.89846564376  0.00174557796751322
       427     3418.09893262175 -0.000349211248814523
       428     3418.29939959973  0.00266796847492513
       429     3418.49986657772 -0.00236635816653858
       430      3418.7003335557  -0.0040154805888811
       431     3418.90080053369  0.00163998444141219
       432     3419.10126751167 0.000703618320251603
       433     3419.30173448966 -0.00309464292744125
       434     3419.50220146765  0.00196297640360357
       435     3419.70266844563  0.00303909866225081
       436     3419.90313542362 9.17970072544706e-05
       437      3420.1036024016  0.00228907405773909
       438     3420.30406937959 -0.00270332574247861
       439     3420.50453635757  0.00143190308115428
       440     3420.70500333556 -0.000627170677815764
       441     3420.90547031354   0.0015437079911436
       442     3421.10593729153 0.000835610227877878
       443     3421.30640426951  0.00178905765473129
       444      3421.5068712475 -0.00340987065977226
       445     3421.70733822548  0.00178595196278714
       446     3421.90780520347  0.00241174888953294
       447     3422.10827218145  0.00333103370500071
       448     3422.30873915944 -0.00383690330209259
       449     3422.50920613742 0.000337146670842151
       450     3422.70967311541  0.00309034257932924
       451      3422.9101400934 0.000233105990713196
       452     3423.11060707138  0.00336519631638633
       453     3423.31107404937 -0.00314743969049176
       454     3423.51154102735 -0.000173739653970168
       455     3423.71200800534   0.0012936997896397
       456     3423.91247498332  0.00119276480145489
       457     3424.11294196131 -1.37375106996793e-06
       458     3424.31340893929  0.00138997623990829
       459     3424.51387591728  0.00136047216643888
       460     3424.71434289526   0.0077286934979141
       461     3424.91480987325  0.00515718056815966
       462     3425.11527685123 -0.000908235798761143
       463     3425.31574382922  0.00223938298663272
       464      3425.5162108072  0.00657492894066316
       465     3425.71667778519  0.00340867600360441
       466     3425.91714476318  0.00403602577632227
       467     3426.11761174116 -0.00266916313109299
       468     3426.31807871915 -0.00354341541337062
       469     3426.51854569713  -0.0023290898632088
       470     3426.71901267512  0.00678301030092107
       471      3426.9194796531   0.0054227172293843
       472     3427.11994663109 0.000139935232388756
       473     3427.32041360907 -0.000214113649244095
       474     3427.52088058706  0.00210583823303437
       475     3427.72134756504 2.03660925390684e-05
       476     3427.92181454303  0.00137755347213169
       477     3428.12228152101 -0.00300302501508889
       478       3428.322748499 0.000284349907791642
       479     3428.52321547698   0.0022766512899625
       480     3428.72368245497 -0.00152782134161865
       481     3428.92414943296  0.00439939173378758
       482     3429.12461641094 0.000984683441196983
       483     3429.32508338893  0.00468356254667711
       484     3429.52555036691  0.00102505743647091
       485      3429.7260173449 -0.00168465878479812
       486     3429.92648432288  -0.0012265692230363
       487     3430.12695130087  0.00291487098448489
       488     3430.32741827885 0.000321618211121415
       489     3430.52788525684 -0.00225300041057718
       490     3430.72835223482 -0.00253561837749464
       491     3430.92881921281 -0.00359621217642113
       492     3431.12928619079 -0.000274674642154977
       493     3431.32975316878 -0.00061474791003917
       494     3431.53022014676   0.0020266430884586
       495     3431.73068712475  0.00204217154817934
       496     3431.93115410274  0.00139929331574072
       497     3432.13162108072 -0.00292227702454104
       498     3432.33208805871  0.00428137543990995
       499     3432.53255503669 -0.00242847200542153
       500     3432.73302201468 -0.00203404912851475
       501     3432.93348899266   0.0059770832414147
       502     3433.13395597065  0.00421615590908285
       503     3433.33442294863 -0.00363813901766713
       504     3433.53488992662 0.000321618211121414
       505      3433.7353569046  0.00275182215741713
       506     3433.93582388259  0.00151109822573005
       507     3434.13629086057  0.00239777327578427
       508     3434.33675783856  0.00179216334667543
       509     3434.53722481654   0.0054289286132726
       510     3434.73769179453  0.00290089537073622
       511     3434.93815877251  0.00375340780940482
       512      3435.1386257505  0.00543669284313297
       513     3435.33909272849  0.00500810735484056
       514     3435.53955970647  0.00204372439415141
       515     3435.74002668446  0.00145364292476331
       516     3435.94049366244  0.00381552164828777
       517     3436.14096064043 -0.00400461066707657
       518     3436.34142761841  0.00464784708931941
       519      3436.5418945964 -0.000914447182649444
       520     3436.74236157438 6.22929337850724e-05
       521     3436.94282855237  0.00643206711123236
       522     3437.14329553035  0.00514320495441099
       523     3437.34376250834  0.00397546478341139
       524     3437.54422948632  0.00074865085344175
       525     3437.74469646431 0.000520382495546878
       526     3437.94516344229  0.00145985430865161
       527     3438.14563042028  0.00436988766031817
       528     3438.34609739827 0.000995553363001506
       529     3438.54656437625  0.00586527833142537
       530     3438.74703135424  0.00203440731831897
       531     3438.94749833222 0.000989341979113211
       532     3439.14796531021  0.00262293594173499
       533     3439.34843228819  0.00538389608008245
       534     3439.54889926618  0.00544135138104919
       535     3439.74936624416  0.00181390319028447
       536     3439.94983322215  0.00125487864033785
       537     3440.15030020013 -0.00083059350015745
       538     3440.35076717812 -0.00522359475515462
       539      3440.5512341561  0.00255926925687996
       540     3440.75170113409  0.00105611435591238
       541     3440.95216811207 -0.00307756162174844
       542     3441.15263509006 -0.000770032507246562
       543     3441.35310206805 -0.00062095929392746
       544     3441.55356904603 0.000528146725407251
       545     3441.75403602402  0.00126574856214237
       546       3441.954503002 -0.00116756107609749
       547     3442.15496997999 0.000507959727770289
       548     3442.35543695797 -0.00231511424946014
       549     3442.55590393596   0.0024319358871699
       550     3442.75637091394   0.0016508543632167
       551     3442.95683789193 -0.00277320381122195
       552     3443.15730486991  0.00149401692003724
       553      3443.3577718479 -0.00234306547695747
       554     3443.55823882588 -0.00371267562432668
       555     3443.75870580387 -0.00017839819188639
       556     3443.95917278185 -0.00208374019962111
       557     3444.15963975984 -0.00261947205998663
       558     3444.36010673782 -0.00109457731541002
       559     3444.56057371581 -0.00372199270015912
       560      3444.7610406938  0.00206080569984423
       561     3444.96150767178 0.000855797225514847
       562     3445.16197464977 -0.000439276315194818
       563     3445.36244162775 -0.00238965085611968
       564     3445.56290860574  0.00157010637266886
       565     3445.76337558372 -0.00180888646256403
       566     3445.96384256171 -0.000605430834206728
       567     3446.16430953969 -0.00434313108898869
       568     3446.36477651768  0.00161048036794279
       569     3446.56524349566  0.00448635110822372
       570     3446.76571047365 -0.00494097678823716
       571     3446.96617745163 -0.00340831781380018
       572     3447.16664442962  0.00332482232111241
       573     3447.36711140761   0.0015017811498976
       574     3447.56757838559  0.00133717947685777
       575     3447.76804536358 -0.00431983839940758
       576     3447.96851234156 -0.00461332628812956
       577     3448.16897931955  -0.0021800166498897
       578     3448.36944629753 -0.000172186807998106
       579     3448.56991327552  -0.0010355691684712
       580      3448.7703802535 -0.00767709139103144
       581     3448.97084723149 -0.00196417105977142
       582     3449.17131420947 -0.00277165096524987
       583     3449.37178118746 0.000596471948178501
       584     3449.57224816544  0.00257013917868448
       585     3449.77271514343 -0.00306203316202769
       586     3449.97318212141 -0.00471426127631437
       587      3450.1736490994 -0.00142222781551762
       588     3450.37411607738   0.0013946347778245
       589     3450.57458305537 -0.000889601647096257
       590     3450.77505003336 -0.00118464238179031
       591     3450.97551701134 -0.00114737407846053
       592     3451.17598398933 -0.00172969131798826
       593     3451.37645096731 -0.00176385392937389
       594      3451.5769179453 -0.00309464292744126
       595     3451.77738492328  0.00685599406160854
       596     3451.97785190127  0.00738706738405783
       597     3452.17831887925  0.00113065096257194
       598     3452.37878585724 -0.00474687104172792
       599     3452.57925283522  0.00170986251015552
       600     3452.77971981321 0.000649268711229011
       601     3452.98018679119 -0.000603877988234656
       602     3453.18065376918  0.00329997678555923
       603     3453.38112074716  0.00110580542701875
       604     3453.58158772515  0.00373477365773993
       605     3453.78205470314 4.83763281833224e-06
       606     3453.98252168112 -0.000266910412294608
       607     3454.18298865911 -0.00522980613904292
       608     3454.38345563709   -0.002585309448601
       609     3454.58392261508  0.00423634290671982
       610     3454.78438959306  0.00310742388502205
       611     3454.98485657105 -0.00405740743012709
       612     3455.18532354903   0.0017580007352898
       613     3455.38579052702 0.000438081659026955
       614       3455.586257505 -0.000392690936032598
       615     3455.78672448299  0.00344128576901796
       616     3455.98719146097  0.00391024525258428
       617     3456.18765843896  0.00206701708373252
       618     3456.38812541694 0.000568520720681173
       619     3456.58859239493 -0.000153552656333208
       620     3456.78905937292  0.00284344006976949
       621      3456.9895263509   0.0022890740577391
       622     3457.18999332889 -0.00200454505504534
       623     3457.39046030687 -0.00304029331841866
       624     3457.59092728486 -0.00435089531884907
       625     3457.79139426284  -0.0019890165953246
       626     3457.99186124083  0.00738240884614161
       627     3458.19232821881 0.000512618265686508
       628      3458.3927951968 -0.000516918613798518
       629     3458.59326217478 -0.00280891926857965
       630     3458.79372915277 -0.00463040759382237
       631     3458.99419613075 -0.00252319560971804
       632     3459.19466310874 -0.00369404147266179
       633     3459.39513008672  0.00648331102831079
       634     3459.59559706471  0.00250491964785737
       635     3459.79606404269  0.00449722103002823
       636     3459.99653102068 0.000952073675783436
       637     3460.19699799867 -0.000596113758374285
       638     3460.39746497665 -5.5723360092551e-05
       639     3460.59793195464 -0.000279333180071197
       640     3460.79839893262  0.00130456971144421
       641     3460.99886591061 -0.000468780388664219
       642     3461.19933288859  -0.0022514475646051
       643     3461.39979986658  0.00181856172820069
       644     3461.60026684456  0.00165861859307708
       645     3461.80073382255 -0.00429033432593818
       646     3462.00120080053 -0.00416765949414434
       647     3462.20166777852  0.00091946391036988
       648      3462.4021347565  0.00150954537975797
       649     3462.60260173449 -0.00369714716460594
       650     3462.80306871247 -0.00480587918866673
       651     3463.00353569046 -0.000394243782004676
       652     3463.20400266845 0.000577837796513613
       653     3463.40446964643 -0.00298904940134022
       654     3463.60493662442 -0.00590063559897886
       655      3463.8054036024 -0.00330272428769916
       656     3464.00587058039 -0.000805747964604265
       657     3464.20633755837 -0.00224368333474473
       658     3464.40680453636 0.000225341760852826
       659     3464.60727151434 -0.00502327762475709
       660     3464.80773849233 -0.00121414645525971
       661     3465.00820547031 -0.00320644783743058
       662      3465.2086724483 -0.000796430888771824
       663     3465.40913942628 -0.00281978919038416
       664     3465.60960640427   -0.004223561949139
       665     3465.81007338225 -0.00285550464774186
       666     3466.01054036024 -0.00445804169092217
       667     3466.21100733823 -0.00569410708469303
       668     3466.41147431621 -0.00283842334204905
       669      3466.6119412942 -0.00365522032335994
       670     3466.81240827218 -0.00324371614076035
       671     3467.01287525017   0.0018775698751395
       672     3467.21334222815   0.0109881171932973
       673     3467.41380920614  0.00685133552369233
       674     3467.61427618412   0.0151792484719249
       675     3467.81474316211    0.013859329395662
       676     3468.01521014009   0.0157926226308941
       677     3468.21567711808   0.0208471362699947
       678     3468.41614409606   0.0289265938626954
       679     3468.61661107405   0.0404424995915958
       680     3468.81707805203   0.0498682746420846
       681     3469.01754503002   0.0599524563847327
       682     3469.21801200801     0.07665486766036
       683     3469.41847898599   0.0860589028672398
       684     3469.61894596398   0.0943945800453327
       685     3469.81941294196    0.107252144694105
       686     3470.01987991995    0.132367875446429
       687     3470.22034689793    0.144388456116253
       688     3470.42081387592    0.167702885540971
       689      3470.6212808539    0.185541980068157
       690     3470.82174783189    0.204214952882346
       691     3471.02221480987    0.215311590198786
       692     3471.22268178786    0.238366694346168
       693     3471.42314876584    0.254687105512665
       694     3471.62361574383    0.271476476162729
       695     3471.82408272181    0.273728102822236
       696      3472.0245496998     0.28780775725103
       697     3472.22501667778    0.295902743303452
       698     3472.42548365577    0.296910540339328
       699     3472.62595063376    0.290211562815801
       700     3472.82641761174    0.296814263889059
       701     3473.02688458973    0.291719376254684
       702     3473.22735156771    0.274681550249089
       703      3473.4278185457    0.253728999547896
       704     3473.62828552368    0.241843516477641
       705     3473.82875250167    0.215541411402653
       706     3474.02921947965    0.179874092270087
       707     3474.22968645764    0.159881200379635
       708     3474.43015343562    0.131549525619146
       709     3474.63062041361   0.0933464090141828
       710     3474.83108739159   0.0561930162863417
       711     3475.03155436958   0.0283598050828884
       712     3475.23202134757 -0.00940385611197766
       713     3475.43248832555  -0.0534254865743017
       714     3475.63295530354  -0.0801934454409123
       715     3475.83342228152   -0.109989453953067
       716     3476.03388925951   -0.145282537206364
       717     3476.23435623749   -0.178469961321528
       718     3476.43482321548   -0.196571486817994
       719     3476.63529019346   -0.212511450721333
       720     3476.83575717145   -0.235606928863988
       721     3477.03622414943   -0.251349681328874
       722     3477.23669112742   -0.258599919172487
       723      3477.4371581054   -0.270999394259497
       724     3477.63762508339   -0.273552273037587
       725     3477.83809206137   -0.275474696351014
       726     3478.03855903936   -0.273468419355095
       727     3478.23902601734     -0.2688751009697
       728     3478.43949299533   -0.263197896095798
       729     3478.63995997332   -0.242493800750136
       730      3478.8404269513   -0.231448407350774
       731     3479.04089392929   -0.225668714642715
       732     3479.24136090727   -0.203312391182767
       733     3479.44182788526   -0.184752776124539
       734     3479.64229486324   -0.173865773014329
       735     3479.84276184123   -0.162543973031937
       736     3480.04322881921   -0.140766861119572
       737      3480.2436957972   -0.123520953753719
       738     3480.44416277518    -0.11862483040377
       739     3480.64462975317   -0.104372810072076
       740     3480.84509673115  -0.0889918707186832
       741     3481.04556370914  -0.0762212654443472
       742     3481.24603068712  -0.0693576862477804
       743     3481.44649766511  -0.0536351207805317
       744      3481.6469646431  -0.0461799072686047
       745     3481.84743162108  -0.0404048730984618
       746     3482.04789859907  -0.0357540994121003
       747     3482.24836557705  -0.0302539189790144
       748     3482.44883255504  -0.0281932923740723
       749     3482.64929953302  -0.0283936095044699
       750     3482.84976651101  -0.0243577628230497
       751     3483.05023348899  -0.0213856156325002
       752     3483.25070046698  -0.0172767851903925
       753     3483.45116744496  -0.0107688077214307
       754     3483.65163442295  -0.0133263450374364
       755     3483.85210140093 -0.00940385611197767
       756     3484.05256837892  -0.0146260771160623
       757      3484.2530353569  -0.0146928494928615
       758     3484.45350233489 -0.00898924623743392
       759     3484.65396931288 -0.00393628544430533
       760     3484.85443629086  -0.0122812796982307
       761     3485.05490326885 -0.00534005820306017
       762     3485.25537024683 -0.00163341486771968
       763     3485.45583722482 -0.00599846489521952
       764      3485.6563042028 -0.00345335034699033
       765     3485.85677118079  0.00217105776386147
       766     3486.05723815877  0.00665257123926686
       767     3486.25770513676  0.00643361995720444
       768     3486.45817211474  0.00543979853507711
       769     3486.65863909273   0.0171047774772965
       770     3486.85910607071   0.0190598105561376
       771      3487.0595730487   0.0196064123383077
       772     3487.26004002668   0.0379890029557189
       773     3487.46050700467    0.044374305592887
       774     3487.66097398265   0.0552783900087902
       775     3487.86144096064   0.0657197263250153
       776     3488.06190793863   0.0826115848092357
       777     3488.26237491661   0.0924302298906592
       778      3488.4628418946     0.10975688524706
       779     3488.66330887258    0.117039732856087
       780     3488.86377585057    0.141639918745682
       781     3489.06424282855    0.161493054498648
       782     3489.26470980654     0.17665659541595
       783     3489.46517678452    0.197034593107476
       784     3489.66564376251    0.214167142717368
       785     3489.86611074049    0.223353779488157
       786     3490.06657771848    0.242345085726621
       787     3490.26704469646    0.259792863068844
       788     3490.46751167445    0.269856857813855
       789     3490.66797865243    0.278368006586793
       790     3490.86844563042    0.291514400586371
       791     3491.06891260841    0.296991288329875
       792     3491.26937958639    0.295719507478747
       793     3491.46984656438     0.29150663635651
       794     3491.67031354236    0.294121628973483
       795     3491.87078052035    0.281307544011929
       796     3492.07124749833    0.257390610350046
       797     3492.27171447632    0.247379412368085
       798      3492.4721814543    0.225201666194925
       799     3492.67264843229    0.198180593434866
       800     3492.87311541027    0.164000900743547
       801     3493.07358238826    0.143011081739024
       802     3493.27404936624    0.108269258805813
       803     3493.47451634423   0.0624867010111574
       804     3493.67498332221   0.0368492140122167
       805      3493.8754503002  0.00805323830607755
       806     3494.07591727819  -0.0255487956836304
       807     3494.27638425617   -0.077289623473134
       808     3494.47685123416   -0.108657112109028
       809     3494.67731821214   -0.132609761228268
       810     3494.87778519013   -0.166759949846118
       811     3495.07825216811   -0.190669119278141
       812      3495.2787191461   -0.206113725316388
       813     3495.47918612408   -0.235869359833269
       814     3495.67965310207   -0.251967714025759
       815     3495.88012008005   -0.259205529101596
       816     3496.08058705804   -0.266107929447464
       817     3496.28105403602   -0.274647029447899
       818     3496.48152101401   -0.280277648942639
       819     3496.68198799199   -0.274417208244032
       820     3496.88245496998   -0.272527394696018
       821     3497.08292194797   -0.270768020209658
       822     3497.28338892595   -0.255579633756803
       823     3497.48385590394   -0.238613238665923
       824     3497.68432288192    -0.23110056985303
       825     3497.88478985991   -0.216707240537876
       826     3498.08525683789   -0.203121391128202
       827     3498.28572381588   -0.179552294964063
       828     3498.48619079386    -0.16646956764934
       829     3498.68665777185   -0.149146017984883
       830     3498.88712474983   -0.129354996070801
       831     3499.08759172782   -0.118045618856187
       832      3499.2880587058    -0.10577658283083
       833     3499.48852568379   -0.093271514217719
       834     3499.68899266177  -0.0790567621893542
       835     3499.88945963976  -0.0698313042692629
       836     3500.08992661774  -0.0579846423483108
       837     3500.29039359573  -0.0552174708260751
       838     3500.49086057372  -0.0451332890834269
       839      3500.6913275517  -0.0333720336909389
       840     3500.89179452969  -0.0306964800810555
       841     3501.09226150767  -0.0231216974292788
       842     3501.29272848566   -0.020500493428418
       843     3501.49319546364  -0.0187302490202537
       844     3501.69366244163  -0.0199166233429182
       845     3501.89412941961  -0.0133900117222915
       846      3502.0945963976  -0.0115157266339982
       847     3502.29506337558  -0.0093246609674019
       848     3502.49553035357  -0.0108060760247604
       849     3502.69599733155 -0.00703421315859284
       850     3502.89646430954  -0.0107361979560171
       851     3503.09693128752 -0.00915850644838998
       852     3503.29739826551  -0.0123123366176721
       853      3503.4978652435  -0.0047189198142306
       854     3503.69833222148 -0.00310861854118991
       855     3503.89879919947 -0.00233995978501332
       856     3504.09926617745 -0.00162720348383139
       857     3504.29973315544 -0.000389585244088457
       858     3504.50020013342 -0.00218312234183385
       859     3504.70066711141 -0.00025759333646217
       860     3504.90113408939 0.000270374294042972
       861     3505.10160106738   0.0101915072096234
       862     3505.30206804536   0.0104089056457137
       863     3505.50253502335   0.0152724192302493
       864     3505.70300200133   0.0233285841333689
       865     3505.90346897932   0.0317869361432556
       866      3506.1039359573   0.0428168010828968
       867     3506.30440293529   0.0446103381806422
       868     3506.50486991328   0.0524972428728057
       869     3506.70533689126   0.0649184578034252
       870     3506.90580386925    0.082051007413317
       871     3507.10627084723   0.0962315968302962
       872     3507.30673782522    0.109520852659305
       873      3507.5072048032    0.127265223582194
       874     3507.70767178119    0.143299911089829
       875     3507.90813875917    0.157851630694134
       876     3508.10860573716    0.171404870338396
       877     3508.30907271514    0.201183797544857
       878     3508.50953969313    0.215796078142073
       879     3508.71000667111    0.229850887035314
       880      3508.9104736491    0.240074824915449
       881     3509.11094062708    0.262828676944249
       882     3509.31140760507    0.274091468779701
       883     3509.51187458306    0.284503301022457
       884     3509.71234156104     0.29549745050474
       885     3509.91280853903    0.295034702405062
       886     3510.11327551701    0.288074846758227
       887       3510.313742495    0.288582627391095
       888     3510.51420947298    0.285318545157796
       889     3510.71467645097    0.273116281509239
       890     3510.91514342895    0.258528846447576
       891     3511.11561040694     0.24890275426669
       892     3511.31607738492     0.22455412942457
       893     3511.51654436291    0.189782802417891
       894     3511.71701134089    0.166070844424322
       895     3511.91747831888     0.13856062518306
       896     3512.11794529686    0.107065803177456
       897     3512.31841227485   0.0621171236698038
       898     3512.51887925284   0.0337885546012589
       899     3512.71934623082  0.00783118133207098
       900     3512.91981320881  -0.0356811156514128
       901     3513.12028018679  -0.0691791089609918
       902     3513.32074716478    -0.10361967977562
       903     3513.52121414276   -0.132126826130953
       904     3513.72168112075   -0.166073591926461
       905     3513.92214809873   -0.183841255538931
       906     3514.12261507672   -0.208832758613489
       907      3514.3230820547   -0.234459375690626
       908     3514.52354903269   -0.248568534192889
       909     3514.72401601067   -0.262587627628773
       910     3514.92448298866   -0.270244711117069
       911     3515.12494996664   -0.278415786622122
       912     3515.32541694463   -0.277039965090865
       913     3515.52588392261   -0.266475953942846
       914      3515.7263509006   -0.266750807679903
       915     3515.92681787859   -0.267668539649399
       916     3516.12728485657   -0.253137007042731
       917     3516.32775183456    -0.24027323101007
       918     3516.52821881254    -0.23094373240985
       919     3516.72868579053   -0.219828460941745
       920     3516.92915276851   -0.197133617059884
       921      3517.1296197465   -0.180783701819918
       922     3517.33008672448   -0.169134251337419
       923     3517.53055370247   -0.151549823549654
       924     3517.73102068045   -0.130938898962317
       925     3517.93148765844   -0.121134229494642
       926     3518.13195463642    -0.10833722583878
       927     3518.33242161441  -0.0950759212372689
       928     3518.53288859239   -0.078592461243704
       929     3518.73335557038  -0.0721947358387594
       930     3518.93382254837  -0.0622006191624916
       931     3519.13428952635  -0.0480712736625908
       932     3519.33475650434  -0.0443273620239205
       933     3519.53522348232  -0.0338518630963097
       934     3519.73569046031  -0.0314356347637627
       935     3519.93615743829    -0.02113094889308
       936     3520.13662441628  -0.0180516553304574
       937     3520.33709139426  -0.0198979891912533
       938     3520.53755837225  -0.0160593539482866
       939     3520.73802535023  -0.0110995639134824
       940     3520.93849232822 -0.00827804278222405
       941      3521.1389593062 -0.00820816471348073
       942     3521.33942628419 -0.00609008280757187
       943     3521.53989326217 -0.00763671739575751
       944     3521.74036024016  -0.0100482871903883
       945     3521.94082721815 -0.00452636691369342
       946     3522.14129419613 -0.00167689455493775
       947     3522.34176117412  -0.0047422125038117
       948      3522.5422281521 -0.00710564407330823
       949     3522.74269513009  -0.0043726351624581
       950     3522.94316210807 -0.00449996853216817
       951     3523.14362908606 -0.00780131906879736
       952     3523.34409606404  -0.0070419773884532
       953     3523.54456304203 -0.00255891106707574
       954     3523.74503002001 -0.00134613836288599
       955       3523.945496998 -0.000993642327225213
       956     3524.14596397598 -0.00308843154355296
       957     3524.34643095397 -0.00199833367115705
       958     3524.54689793195 -0.00074208127974924
       959     3524.74736490994 -0.000675308902950059
       960     3524.94783188793 -0.00276543958136158
       961     3525.14829886591 -0.00322197629715132
       962      3525.3487658439  0.00136513070435511
       963     3525.54923282188 -0.000588349528513919
       964     3525.74969979987 -0.00587113152550945
       965     3525.95016677785 -0.00190205722088847
       966     3526.15063375584 -0.00440058638995544
       967     3526.35110073382 -0.00188031737727943
       968     3526.55156771181  -0.0036521146314158
       969     3526.75203468979  0.00120518756923149
       970     3526.95250166778 -0.00011162581508722
       971     3527.15296864576  0.00103437451230335
       972     3527.35343562375 -0.00536024520069712
       973     3527.55390260173 -0.00422511479511108
       974     3527.75436957972 -0.00434778962690492
       975      3527.9548365577 -0.00137874812829955
       976     3528.15530353569  -0.0030558217781394
       977     3528.35577051368 -0.00414126111261909
       978     3528.55623749166 -0.00350304141809669
       979     3528.75670446965  0.00145364292476332
       980     3528.95717144763 -0.00169863439854677
       981     3529.15763842562 0.000236211682657351
       982      3529.3581054036 -0.000156658348277352
       983     3529.55857238159  0.00159339906224997
       984     3529.75903935957 -0.00135700828469051
       985     3529.95950633756 6.22929337850654e-05
       986     3530.15997331554 -0.00167068317104945
       987     3530.36044029353 -0.00342850481143715
       988     3530.56090727151 -0.00590529413689508
       989      3530.7613742495 -0.00306048031605563
       990     3530.96184122748 -4.4794430141134e-06
       991     3531.16230820547 -0.000704812976419461
       992     3531.36277518346  0.00334966785666559
       993     3531.56324216144 -0.00336794381852626
       994     3531.76370913943 -0.00625313163463964
       995     3531.96417611741 0.000669455708865974
       996      3532.1646430954 0.000733122393721005
       997     3532.36511007338  -0.0029129599487086
       998     3532.56557705137 -0.00101538217083425
       999     3532.76604402935  0.00086045576343107
      1000     3532.96651100734 0.000661691479005607
      1001     3533.16697798532 -0.00370335854849423
      1002     3533.36744496331 -0.000993642327225211
      1003     3533.56791194129 -0.00593169251842034
      1004     3533.76837891928  0.00101418751466639
      1005     3533.96884589726 -0.00416144811025604
      1006     3534.16931287525 -0.000425300701446153
      1007     3534.36977985324 -0.000633382061704058
      1008     3534.57024683122   0.0019785048633243
      1009     3534.77071380921 -0.00491457840671191
      1010     3534.97118078719  0.00275182215741712
      1011     3535.17164776518 -0.00666308297126716
      1012     3535.37211474316 -0.00376236669543304
      1013     3535.57258172115 0.000829398843989591
      1014     3535.77304869913 -0.00185702468769832
      1015     3535.97351567712 -0.00464748889951519
      1016      3536.1739826551 -0.00102159355472255
      1017     3536.37444963309 -0.00864762012357765
      1018     3536.57491661107 -0.00212877273281126
      1019     3536.77538358906 3.58945522598109e-05
      1020     3536.97585056704 -0.00115047977040468
      1021     3537.17631754503 -4.01949003718191e-05
      1022     3537.37678452301 -0.00408535865762442
      1023       3537.577251501  -0.0043012042477427
      1024     3537.77771847899 -0.00281668349844002
      1025     3537.97818545697 -0.00488352148727043
      1026     3538.17865243496  -0.0043431310889887
      1027     3538.37911941294 -0.00777181499532796
      1028     3538.57958639093 -0.00518632645182485
      1029     3538.78005336891 -0.00247350453861168
      1030      3538.9805203469 -0.00150763434398169
      1031     3539.18098732488  0.00420218029533419
      1032     3539.38145430287 -0.00271419566428314
      1033     3539.58192128085 -0.00900788038909881
      1034     3539.78238825884 -0.000630276369759909
      1035     3539.98285523682 -0.00188031737727943
      1036     3540.18332221481  -0.0058866599852302
      1037      3540.3837891928  0.00202198455054238
      1038     3540.58425617078 -0.00472823689006304
      1039     3540.78472314877 -0.00240517931584042
      1040     3540.98519012675  0.00081852892218507
      1041     3541.18565710474 -0.00542391188555215
      1042     3541.38612408272 -0.00217691095794555
      1043     3541.58659106071 0.000254845834322236
      1044     3541.78705803869 -0.00286171603163017
      1045     3541.98752501668 -0.00406517165998746
      1046     3542.18799199466 -0.00634319670101993
      1047     3542.38845897265 -0.00060232514226258
      1048     3542.58892595063  0.00312761088265902
      1049     3542.78939292862 0.000565415028737025
      1050      3542.9898599066   0.0010436915881358
      1051     3543.19032688459 -0.00660562767030042
      1052     3543.39079386257 -0.00684787164194396
      1053     3543.59126084056  -0.0052127248333501
      1054     3543.79172781855 -0.00388504152722688
      1055     3543.99219479653  0.00298630189920029
      1056     3544.19266177452 -0.00279494365483098
      1057      3544.3931287525 -0.00372509839210327
      1058     3544.59359573049 0.000771943543022861
      1059     3544.79406270847 1.10490167066254e-05
      1060     3544.99452968646  0.00546153837868615
      1061     3545.19499666444 -0.00101538217083425
      1062     3545.39546364243  0.00276890346310994
      1063     3545.59593062041  0.00138842339393621
      1064      3545.7963975984 -0.00177006531326218
      1065     3545.99686457638  0.00151886245559042
      1066     3546.19733155437  0.00186669995333498
      1067     3546.39779853235  0.00273629369769639
      1068     3546.59826551034  0.00290555390865244
      1069     3546.79873248833   0.0034925296860964
      1070     3546.99919946631 -0.00195019544602276
      1071      3547.1996664443  0.00134028516880192
      1072     3547.40013342228 -0.00231045571154392
      1073     3547.60060040027 -0.00296886240370326
      1074     3547.80106737825 -0.00407914727373613
      1075     3548.00153435624 5.14230119805527e-05
      1076     3548.20200133422  0.00131233394130458
      1077     3548.40246831221 -0.00171882139618374
      1078     3548.60293529019 -0.00280115503871927
      1079     3548.80340226818 0.000910146834537438
      1080     3549.00386924616 -0.00181509784645233
      1081     3549.20433622415 -0.00176540677534596
      1082     3549.40480320213 0.000674114246782199
      1083     3549.60527018012  -0.0030201063207817
      1084     3549.80573715811 -0.00334309828297308
      1085     3550.00620413609 -0.00144086196718251
      1086     3550.20667111408 -0.00406517165998746
      1087     3550.40713809206   0.0012874884057514
      1088     3550.60760507005  0.00487766829318635
      1089     3550.80807204803 -0.00365056178544372
      1090     3551.00853902602  0.00194123655999454
      1091       3551.209006004 0.000394601971808887
      1092     3551.40947298199 -0.00364124470961128
      1093     3551.60993995997 -0.00105886185805232
      1094     3551.81040693796 -0.00292072417856897
      1095     3552.01087391594 0.000177203535718539
      1096     3552.21134089393 -0.00175298400756937
      1097     3552.41180787191  0.00256392779479618
      1098      3552.6122748499  0.00148314699823271
      1099     3552.81274182789 0.000257951526266384
      1100     3553.01320880587 -0.000892707339040404
      1101     3553.21367578386 -0.00553261110359734
      1102     3553.41414276184 -0.00287569164537882
      1103     3553.61460973983  0.00170520397223929
      1104     3553.81507671781  0.00112909811659986
      1105      3554.0155436958  0.00101574036063846
      1106     3554.21601067378  0.00071293539608404
      1107     3554.41647765177  0.00278443192283068
      1108     3554.61694462975 -0.00161788640799894
      1109     3554.81741160774  0.00314313934237976
      1110     3555.01787858572  0.00063684594345242
      1111     3555.21834556371  0.00350339960790091
      1112     3555.41881254169  0.00808429522551904
      1113     3555.61927951968  0.00356551344678387
      1114     3555.81974649766 -0.000602325142262575
      1115     3556.02021347565 -0.000106967277170996
      1116     3556.22068045364 -0.00243468338930982
      1117     3556.42114743162 -0.00197038244365972
      1118     3556.62161440961 -0.00209305727545356
      1119     3556.82208138759   0.0015856348323896
      1120     3557.02254836558 -0.00134147982496977
      1121     3557.22301534356   0.0035577492169235
      1122     3557.42348232155 -0.00145173188898702
      1123     3557.62394929953  0.00180303326847994
      1124     3557.82441627752 -0.00234617116890161
      1125      3558.0248832555 -2.00079027348494e-05
      1126     3558.22535023349 -0.00161633356202686
      1127     3558.42581721147 -0.00152005711175828
      1128     3558.62628418946 0.000344910900702523
      1129     3558.82675116744 -0.000613195064067098
      1130     3559.02721814543  0.00343818007707381
      1131     3559.22768512342 -0.00367696016696898
      1132      3559.4281521014  -0.0034968300342084
      1133     3559.62861907939  -0.0028710331074626
      1134     3559.82908605737 -0.00803269311863638
      1135     3560.02955303536 -0.00223436625891228
      1136     3560.23002001334 -0.00103556916847121
      1137     3560.43048699133 0.000981577749252835
      1138     3560.63095396931 -0.00182130923034062
      1139      3560.8314209473  0.00415248922422782
      1140     3561.03188792528 -0.000777796737106934
      1141     3561.23235490327  0.00232478951509679
      1142     3561.43282188125  0.00451585518169312
      1143     3561.63328885924 -0.000667544673089687
      1144     3561.83375583722 0.000695854090391232
      1145     3562.03422281521 0.000108878312947284
      1146      3562.2346897932  0.00309965965516169
      1147     3562.43515677118  0.00130456971144422
      1148     3562.63562374917 -0.000521577151714736
      1149     3562.83609072715 -0.00369870001057801
      1150     3563.03655770514 -0.00327943159811805
      1151     3563.23702468312 0.000394601971808888
      1152     3563.43749166111 -0.00114892692443261
      1153     3563.63795863909 -0.000773138199190711
      1154     3563.83842561708 -0.00327632590617391
      1155     3564.03889259506   0.0028605213754623
      1156     3564.23935957305 0.000695854090391231
      1157     3564.43982655103  0.00127506563797481
      1158     3564.64029352902 -0.00244555331111435
      1159       3564.840760507  0.00206391139178838
      1160     3565.04122748499 -0.00352167556976159
      1161     3565.24169446297 -0.00652643252572466
      1162     3565.44216144096 -0.00135856113066258
      1163     3565.64262841895 -0.00320800068340265
      1164     3565.84309539693 -0.000911341490705293
      1165     3566.04356237492  0.00374409073357237
      1166      3566.2440293529 -0.00155887826106012
      1167     3566.44449633089 -0.00206355320198416
      1168     3566.64496330887 -0.00505122885225441
      1169     3566.84543028686  0.00318506618362575
      1170     3567.04589726484  0.00154526083711568
      1171     3567.24636424283  0.00100021190091773
      1172     3567.44683122081   0.0023061553634319
      1173      3567.6472981988 -0.00278873227094268
      1174     3567.84776517678 -0.00499998493517598
      1175     3568.04823215477 -0.00118308953581823
      1176     3568.24869913276 -0.00402635051068561
      1177     3568.44916611074 -0.00188497591519566
      1178     3568.64963308873    0.001698992588351
      1179     3568.85010006671 -0.00163030917577553
      1180      3569.0505670447 -0.00339900073796774
      1181     3569.25103402268 -0.00267226882303714
      1182     3569.45150100067 0.000711382550111975
      1183     3569.65196797865  0.00243504157911405
      1184     3569.85243495664 0.000355780822507045
      1185     3570.05290193462 -0.00290830141079238
      1186     3570.25336891261  0.00213223661455962
      1187     3570.45383589059 -0.00176695962131803
      1188     3570.65430286858  0.00316643203196087
      1189     3570.85476984656  -0.0020247320526823
      1190     3571.05523682455 -0.00328719582797842
      1191     3571.25570380253 -0.000249829106601795
      1192     3571.45617078052  0.00321301741112309
      1193     3571.65663775851 0.000768837851078704
      1194     3571.85710473649 -0.00249990292013693
      1195     3572.05757171448  -0.0023228784793205
      1196     3572.25803869246  0.00141792746740562
      1197     3572.45850567045 -0.00312880553882688
      1198     3572.65897264843 0.000495536959993696
      1199     3572.85943962642 -0.00137874812829955
      1200      3573.0599066044 -0.00204336620434719
      1201     3573.26037358239  0.00128593555977933
      1202     3573.46084056037 -0.00214585403850407
      1203     3573.66130753836   0.0031229523447428
      1204     3573.86177451634  0.00369439966246601
      1205     3574.06224149433 -0.00152626849564657
      1206     3574.26270847231 -0.00115203261637675
      1207      3574.4631754503  0.00241485458147708
      1208     3574.66364242829  0.00112599242465572
      1209     3574.86410940627 -0.00483383041616406
      1210     3575.06457638426  0.00557800182659169
      1211     3575.26504336224  0.00201111462873786
      1212     3575.46551034023 4.21059361481054e-05
      1213     3575.66597731821 -0.00210392719725808
      1214      3575.8664442962  0.00119276480145489
      1215     3576.06691127418  0.00149556976600931
      1216     3576.26737825217  -0.0037592610034889
      1217     3576.46784523015 0.000383732050004372
      1218     3576.66831220814  -0.0010542033201361
      1219     3576.86877918612  0.00164309013335633
      1220     3577.06924616411  0.00269747254839454
      1221     3577.26971314209 -0.00343626904129752
      1222     3577.47018012008 0.000579390642485685
      1223     3577.67064709807  0.00201732601262615
      1224     3577.87111407605 -0.00135545543871844
      1225     3578.07158105404 -0.00134769120885807
      1226     3578.27204803202 -0.00458071652271601
      1227     3578.47251501001 -0.00367385447502483
      1228     3578.67298198799 -0.000715682898223973
      1229     3578.87344896598 -0.00385553745375748
      1230     3579.07391594396  0.00160892752197071
      1231     3579.27438292195 -0.00213808980864371
      1232     3579.47484989993 -0.00147191888662398
      1233     3579.67531687792 0.000554545106932503
      1234      3579.8757838559 -0.00116290253818127
      1235     3580.07625083389  0.00254218795118715
      1236     3580.27671781187 -0.00101072363291803
      1237     3580.47718478986   0.0017999275765358
      1238     3580.67765176784 -0.000852333343766483
      1239     3580.87811874583  0.00176110642723396
      1240     3581.07858572382 -0.00292227702454104
      1241      3581.2790527018  0.00340867600360441
      1242     3581.47951967979  0.00264467578534402
      1243     3581.67998665777 -0.000224983571048612
      1244     3581.88045363576 -0.00351701703184536
      1245     3582.08092061374 -0.00480277349672258
      1246     3582.28138759173  0.00247696842036004
      1247     3582.48185456971  -0.0022933744058511
      1248      3582.6823215477 8.09270854499482e-05
      1249     3582.88278852568 -0.000125601428835881
      1250     3583.08325550367 0.000413236123473774
      1251     3583.28372248165 -0.00125296760456156
      1252     3583.48418945964 0.000153910846137429
      1253     3583.68465643763 -0.000762268277386195
      1254     3583.88512341561 0.000447398734859402
      1255      3584.0855903936 -0.00674693665375916
      1256     3584.28605737158 -0.00329961859575501
      1257     3584.48652434957 -0.00358068371670039
      1258     3584.68699132755  0.00279219615269105
      1259     3584.88745830554  0.00362762728566683
      1260     3585.08792528352 -0.00465525312937556
      1261     3585.28839226151 0.000740886623581375
      1262     3585.48885923949  0.00148780553614894
      1263     3585.68932621748 -0.00450928560800061
      1264     3585.88979319546 0.000596471948178495
      1265     3586.09026017345 0.000846480149682403
      1266     3586.29072715143  0.00302822874044629
      1267     3586.49119412942  0.00269591970242247
      1268      3586.6916611074 0.000469138578468438
      1269     3586.89212808539  -0.0010417805523595
      1270     3587.09259506338 -0.000212560803272023
      1271     3587.29306204136 -0.00196106536782727
      1272     3587.49352901935  0.00166017143904915
      1273     3587.69399599733 -0.00038492670617223
      1274     3587.89446297532 -0.00521738337126633
      1275      3588.0949299533  0.00107008996966105
      1276     3588.29539693129   0.0049879203572036
      1277     3588.49586390927  0.00195676501971527
      1278     3588.69633088726 -0.00280115503871928
      1279     3588.89679786524 -0.00265363467137225
      1280     3589.09726484323 -0.00134303267094184
      1281     3589.29773182121 -0.00283997618802112
      1282      3589.4981987992  0.00265244001520439
      1283     3589.69866577718   0.0033015296315313
      1284     3589.89913275517  0.00195987071165942
      1285     3590.09959973316 -0.000164422578137725
      1286     3590.30006671114 0.000462927194580149
      1287     3590.50053368913  0.00319748895140235
      1288     3590.70100066711 -0.000496731616161549
      1289      3590.9014676451 -0.00140359366385273
      1290     3591.10193462308 -0.000336788481037939
      1291     3591.30240160107  0.00242261881133745
      1292     3591.50286857905 -0.00153713841745109
      1293     3591.70333555704 -0.000872520341403443
      1294     3591.90380253502   0.0020328544723469
      1295     3592.10426951301 -0.00342074058157678
      1296     3592.30473649099 -0.000874073187375515
      1297     3592.50520346898 7.00571636454392e-05
      1298     3592.70567044696 0.000464480040552215
      1299     3592.90613742495 0.000582496334429837
      1300     3593.10660440294 -0.00184926045783795
      1301     3593.30707138092  0.00167104136085366
      1302     3593.50753835891  0.00346147276665492
      1303     3593.70800533689  0.00112754527062779
      1304     3593.90847231488  0.00118189487965037
      1305     3594.10893929286 -0.00128091883205889
      1306     3594.30940627085 -0.000544869841295839
      1307     3594.50987324883 -0.000627170677815763
      1308     3594.71034022682 -0.000484308848384961
      1309      3594.9108072048 -0.00181820353839648
      1310     3595.11127418279 -0.000897365876956622
      1311     3595.31174116077 -0.000728105666000573
      1312     3595.51220813876  0.00201111462873786
      1313     3595.71267511674 -4.64062842601083e-05
      1314     3595.91314209473  0.00329376540167093
      1315     3596.11360907272  0.00196918778749186
      1316      3596.3140760507 0.000292114137652007
      1317     3596.51454302869  0.00125022010242163
      1318     3596.71501000667  0.00324562717653664
      1319     3596.91547698466  -0.0031334640767431
      1320     3597.11594396264  0.00384192002981303
      1321     3597.31641094063  0.00520531879329395
      1322     3597.51687791861 -0.00446114738286632
      1323      3597.7173448966  0.00136202501241096
      1324     3597.91781187458 -0.00347664303657144
      1325     3598.11827885257 -0.00301078924494926
      1326     3598.31874583055  0.00497860328137116
      1327     3598.51921280854 -0.000984325251392766
      1328     3598.71967978652  0.00160582183002656
      1329     3598.92014676451  0.00603298569640936
      1330     3599.12061374249  0.00430466812949107
      1331     3599.32108072048  0.00570688804227383
      1332     3599.52154769847   0.0024614399606393
      1333     3599.72201467645 -0.00173590270187655
      1334     3599.92248165444 -0.00286482172357431
      1335     3600.12294863242 6.69514717012843e-05
      1336     3600.32341561041  0.00555160344506644
      1337     3600.52388258839  0.00116636641992963
      1338     3600.72434956638   0.0028667327593506
      1339     3600.92481654436 -0.000322812867289273
      1340     3601.12528352235 0.000650821557201086
      1341     3601.32575050033 -0.00384466753195297
      1342     3601.52621747832  0.00672089646203812
      1343      3601.7266844563 -0.000465674696720073
      1344     3601.92715143429 0.000632187405536197
      1345     3602.12761841227  0.00103282166633128
      1346     3602.32808539026  0.00317574910779331
      1347     3602.52855236825  0.00204838293206763
      1348     3602.72901934623 -0.00125607329650571
      1349     3602.92948632422  0.00212602523067133
      1350      3603.1299533022  0.00332948085902864
      1351     3603.33042028019  0.00754856336515352
      1352     3603.53088725817  0.00452517225752556
      1353     3603.73135423616   0.0033077410154196
      1354     3603.93182121414 -0.00106973177985684
      1355     3604.13228819213   0.0044630584186426
      1356     3604.33275517011  0.00671313223217774
      1357      3604.5332221481  0.00267883839672965
      1358     3604.73368912608  0.00522395294495884
      1359     3604.93415610407  0.00617740037181224
      1360     3605.13462308205  0.00543048145924467
      1361     3605.33509006004 -0.000411325087697489
      1362     3605.53555703803  0.00162911451960767
      1363     3605.73602401601 -0.00145639042690324
      1364       3605.936490994 -0.00129955298372378
      1365     3606.13695797198 0.000655480095117317
      1366     3606.33742494997    0.002938163674066
      1367     3606.53789192795  0.00639479880790259
      1368     3606.73835890594  0.00833275058105086
      1369     3606.93882588392  0.00834672619479953
      1370     3607.13929286191  0.00159961044613827
      1371     3607.33975983989 0.000871325685235588
      1372     3607.54022681788  0.00123003310478466
      1373     3607.74069379586 -0.000172186807998096
      1374     3607.94116077385 -0.00170484578243507
      1375     3608.14162775183  0.00208720408136948
      1376     3608.34209472982  0.00295990351767504
      1377      3608.5425617078 -0.00348906580434803
      1378     3608.74302868579 4.83173200363979e-05
      1379     3608.94349566378  -0.0028477404178815
      1380     3609.14396264176  0.00510127811316499
      1381     3609.34442961975  0.00286983845129475
      1382     3609.54489659773   0.0039925460891042
      1383     3609.74536357572 -0.000325918559233418
      1384      3609.9458305537  0.00352358660553787
      1385     3610.14629753169 0.000152358000165356
      1386     3610.34676450967  0.00240398465967256
      1387     3610.54723148766 -0.00308377300563673
      1388     3610.74769846564  0.00403913146826642
      1389     3610.94816544363  0.00680630299050218
      1390     3611.14863242161  0.00608578245945987
      1391      3611.3490993996  0.00490561952068368
      1392     3611.54956637759  0.00580627018448656
      1393     3611.75003335557  0.00524569278856787
      1394     3611.95050033356  0.00380154603453911
      1395     3612.15096731154  0.00485437560360525
      1396     3612.35143428953  0.00226112283024176
      1397     3612.55190126751 -0.00230579717362769
      1398      3612.7523682455  0.00100642328480602
      1399     3612.95283522348  0.00068964270650294
      1400     3613.15330220147 -0.00332135843936405
      1401     3613.35376917945  0.00204217154817934
      1402     3613.55423615744  -0.0008989187229287
      1403     3613.75470313542  0.00159650475419412
      1404     3613.95517011341  0.00322233448695553
      1405     3614.15563709139 -0.00544099319124497
      1406     3614.35610406938 -0.00201852066879401
      1407     3614.55657104736  0.00141171608351732
      1408     3614.75703802535 -0.000726552820028495
      1409     3614.95750500334 -0.00161788640799894
      1410     3615.15797198132 -0.00332446413130819
      1411     3615.35843895931 -0.000622512139899543
      1412     3615.55890593729 -0.00198901659532461
      1413     3615.75937291528 -0.000692390208642867
      1414     3615.95983989326  -0.0036816187048852
      1415     3616.16030687125   0.0022766512899625
      1416     3616.36077384923  0.00274561077352883
      1417     3616.56124082722 0.000796789078576036
      1418      3616.7617078052  0.00282635876407668
      1419     3616.96217478319 -0.000526235689630962
      1420     3617.16264176117  0.00623796136472312
      1421     3617.36310873916  0.00776285610929972
      1422     3617.56357571714 -0.00022187787910447
      1423     3617.76404269513 -0.00212877273281126
      1424     3617.96450967312 2.03660925390696e-05
      1425      3618.1649766511  0.00167259420682574
      1426     3618.36544362909  0.00116636641992964
      1427     3618.56591060707 -0.00194243121616238
      1428     3618.76637758506 -0.00107749600971721
      1429     3618.96684456304 -0.000316601483400975
      1430     3619.16731154103 -0.00593945674828071
      1431     3619.36777851901 0.000397707663753037
      1432       3619.568245497 -0.00203249628254268
      1433     3619.76871247498  -0.0004579104668597
      1434     3619.96917945297  7.4715701561662e-05
      1435     3620.16964643095 -0.00101848786277839
      1436     3620.37011340894  0.00183719587986558
      1437     3620.57058038692  0.00452827794946972
      1438     3620.77104736491 0.000563862182764946
      1439      3620.9715143429  0.00162911451960767
      1440     3621.17198132088  0.00492891221026478
      1441     3621.37244829887  0.00343818007707381
      1442     3621.57291527685  -0.0023166670954322
      1443     3621.77338225484 2.03660925390738e-05
      1444     3621.97384923282 0.000183414919606842
      1445     3622.17431621081 0.000206707609187939
      1446     3622.37478318879  0.00573483926977117
      1447     3622.57525016678  0.00105145581799617
      1448     3622.77571714476 -0.00239430939403591
      1449     3622.97618412275 -0.00354652110531477
      1450     3623.17665110073 -0.00168931732271434
      1451     3623.37711807872 -0.00102469924666669
      1452      3623.5775850567  0.00130922824936044
      1453     3623.77805203469 -0.000902024414872849
      1454     3623.97851901267 8.86913153103215e-05
      1455     3624.17898599066  0.00469909100639785
      1456     3624.37945296865  0.00479226176472228
      1457     3624.57991994663 -0.00217846380391763
      1458     3624.78038692462  0.00119276480145489
      1459      3624.9808539026 0.000157016538081574
      1460     3625.18132088059 0.000164780767941949
      1461     3625.38178785857  0.00376893626912556
      1462     3625.58225483656   0.0050236358145613
      1463     3625.78272181454 -0.000178398191886392
      1464     3625.98318879253  0.00108095989146557
      1465     3626.18365577051  0.00298940759114444
      1466      3626.3841227485 0.000747098007469673
      1467     3626.58458972648  0.00405310708201509
      1468     3626.78505670447  0.00300959458878141
      1469     3626.98552368245   0.0023962204298122
      1470     3627.18599066044  0.00175800073528981
      1471     3627.38645763843  0.00138997623990829
      1472     3627.58692461641  0.00190241541069268
      1473      3627.7873915944  0.00399875747299251
      1474     3627.98785857238 0.000211366147104166
      1475     3628.18832555037 -0.00214740688447615
      1476     3628.38879252835 -0.00311793561702236
      1477     3628.58925950634 -0.00377323661723756
      1478     3628.78972648432  0.00301580597266969
      1479     3628.99019346231   0.0016632771309933
      1480     3629.19066044029 -0.00187565883936321
      1481     3629.39112741828 -0.000748292663637526
      1482     3629.59159439626  0.00263380586353951
      1483     3629.79206137425 -0.00142843919940591
      1484     3629.99252835223  0.00282325307213253
      1485     3630.19299533022 -0.000861650419598927
      1486     3630.39346230821  0.00485282275763317
      1487     3630.59392928619 -0.000656674751285168
      1488     3630.79439626418  0.00192726094624586
      1489     3630.99486324216 -0.00129800013775171
      1490     3631.19533022015 7.78213935058033e-05
      1491     3631.39579719813  0.00354377360317484
      1492     3631.59626417612  0.00405000139007095
      1493      3631.7967311541 -0.00169242301465848
      1494     3631.99719813209  0.00158252914044545
      1495     3632.19766511007   0.0017999275765358
      1496     3632.39813208806  0.00550967660382044
      1497     3632.59859906604  0.00149246407406517
      1498     3632.79906604403  0.00455778202293912
      1499     3632.99953302201 -0.00414281395859116
      1500               3633.2 -0.00410865134720553
