     index             RF [MHz]         Intensity []

         1                    2  0.00151579275131226
         2     2.04004004004004   0.0082067717552185
         3     2.08008008008008   0.0127504576683044
         4     2.12012012012012   0.0114815939903259
         5     2.16016016016016   0.0172760237693787
         6      2.2002002002002   0.0100227583885193
         7     2.24024024024024 -0.00351731882095337
         8     2.28028028028028  0.00872414007186889
         9     2.32032032032032 -8.62847328186031e-05
        10     2.36036036036036  0.00335552587509155
        11      2.4004004004004   0.0123533476829529
        12     2.44044044044044   0.0036957968711853
        13     2.48048048048048 -0.00471561059951782
        14     2.52052052052052 -0.00171554193496704
        15     2.56056056056056    0.005066512966156
        16      2.6006006006006   0.0110447157859802
        17     2.64064064064064  0.00755312337875366
        18     2.68068068068068  0.00292417898178101
        19     2.72072072072072   0.0130901564598083
        20     2.76076076076076  0.00393049612045288
        21      2.8008008008008  0.00224602117538452
        22     2.84084084084084  0.00170166387557983
        23     2.88088088088088  0.00624019994735718
        24     2.92092092092092  0.00841133489608764
        25     2.96096096096096  0.00550701513290405
        26       3.001001001001  0.00952122106552124
        27     3.04104104104104   0.0114932288169861
        28     3.08108108108108  0.00154812231063843
        29     3.12112112112112  0.00818664922714233
        30     3.16116116116116 -0.00030076608657837
        31      3.2012012012012   0.0022858847618103
        32     3.24124124124124  0.00204641714096069
        33     3.28128128128128  0.00752031698226928
        34     3.32132132132132  0.00726177587509155
        35     3.36136136136136  -0.0026121865272522
        36      3.4014014014014  0.00128528966903687
        37     3.44144144144144  0.00438711538314819
        38     3.48148148148148 -0.00292890176773071
        39     3.52152152152152   0.0047293890953064
        40     3.56156156156156 -0.00398967370986938
        41      3.6016016016016  0.00389950170516968
        42     3.64164164164164 -0.00255000696182251
        43     3.68168168168168 -0.00666835412979126
        44     3.72172172172172 -0.00217902765274048
        45     3.76176176176176 0.000543903255462646
        46      3.8018018018018  0.00260698690414429
        47     3.84184184184184  0.00318167104721069
        48     3.88188188188188  0.00347645177841186
        49     3.92192192192192 -0.00329263315200806
        50     3.96196196196196  0.00946800603866577
        51       4.002002002002 -0.00724418268203736
        52     4.04204204204204  0.00267689123153687
        53     4.08208208208208 -0.00097224817276001
        54     4.12212212212212 -0.00738380060195923
        55     4.16216216216216  -0.0027194748878479
        56      4.2022022022022 -0.00126617059707642
        57     4.24224224224224 -0.00305488214492798
        58     4.28228228228228 -0.00442054376602173
        59     4.32232232232232  0.00331470861434937
        60     4.36236236236236  0.00967657461166382
        61      4.4024024024024  0.00563938512802124
        62     4.44244244244244  0.00937626256942749
        63     4.48248248248248  0.00337040319442749
        64     4.52252252252252  0.00736982717514038
        65     4.56256256256256  0.00477487936019897
        66      4.6026026026026  0.00455505743026733
        67     4.64264264264264   0.0056357611656189
        68     4.68268268268268  0.00899526968002319
        69     4.72272272272272  0.00926325216293335
        70     4.76276276276276    0.011737655544281
        71      4.8028028028028  0.00059034719467163
        72     4.84284284284284   0.0097504843711853
        73     4.88288288288288  0.00747864141464233
        74     4.92292292292292   0.0192321051597595
        75     4.96296296296296  0.00992615118026733
        76       5.003003003003  0.00533192052841187
        77     5.04304304304304  0.00822231664657593
        78     5.08308308308308 0.000715659999847412
        79     5.12312312312312 -0.00349786386489868
        80     5.16316316316316 -0.00346610651016235
        81      5.2032032032032 -0.000188804721832276
        82     5.24324324324324 -0.00772540674209595
        83     5.28328328328328  -0.0040892373085022
        84     5.32332332332332 -0.00316140756607056
        85     5.36336336336336 0.000877021694183349
        86      5.4034034034034  0.00125305547714233
        87     5.44344344344344  -0.0132776986122131
        88     5.48348348348348 -0.000623203372955323
        89     5.52352352352352  0.00837595357894897
        90     5.56356356356356   0.0587889899253845
        91      5.6036036036036     0.12537519826889
        92     5.64364364364364   0.0612401236534119
        93     5.68368368368368   -0.083861709690094
        94     5.72372372372372   -0.116626049137115
        95     5.76376376376376  -0.0637392769813538
        96      5.8038038038038  -0.0171414147377014
        97     5.84384384384384 -0.00737502679824829
        98     5.88388388388388  -0.0165596734046936
        99     5.92392392392392   -0.010637832736969
       100     5.96396396396396  0.00229284658432007
       101       6.004004004004 -0.00542905435562134
       102     6.04404404404404 -0.00835950479507446
       103     6.08408408408408 -7.67479896545417e-05
       104     6.12412412412412 0.000826953792572022
       105     6.16416416416416 -0.00388457880020142
       106      6.2042042042042 -0.00227544412612915
       107     6.24424424424424  0.00652592077255249
       108     6.28428428428428  -0.0010593186378479
       109     6.32432432432432 -0.00297658548355103
       110     6.36436436436436   -0.010083461856842
       111      6.4044044044044 -0.00292813882827759
       112     6.44444444444444  0.00701200857162476
       113     6.48448448448448  0.00355808629989624
       114     6.52452452452452  0.00322430028915405
       115     6.56456456456456   0.0039002646446228
       116      6.6046046046046   0.0012365569114685
       117     6.64464464464464  0.00286743535995483
       118     6.68468468468468 0.000256561183929443
       119     6.72472472472472 0.000137256526947022
       120     6.76476476476476  0.00541260137557983
       121      6.8048048048048 -0.00551822290420532
       122     6.84484484484484 -0.00623624429702759
       123     6.88488488488488  0.00166418447494507
       124     6.92492492492492  0.00352604284286499
       125     6.96496496496496  0.00138618841171265
       126     7.00500500500501 8.64256858825679e-05
       127     7.04504504504505 -0.00304143533706665
       128     7.08508508508509 -0.00572202310562134
       129     7.12512512512513 -0.00535781488418579
       130     7.16516516516517   0.0015433539390564
       131     7.20520520520521  0.00568983449935913
       132     7.24524524524525   0.0127946127891541
       133     7.28528528528529  0.00492441549301147
       134     7.32532532532533 -0.000170398807525635
       135     7.36536536536537  -0.0035281907081604
       136     7.40540540540541  0.00122616186141968
       137     7.44544544544545  0.00898086919784546
       138     7.48548548548549 -0.00215690240859985
       139     7.52552552552553 -0.00229241952896118
       140     7.56556556556557 -2.49634742736817e-05
       141     7.60560560560561  0.00681288137435913
       142     7.64564564564565  -0.0104092370033264
       143     7.68568568568569 0.000309776210784912
       144     7.72572572572573 -0.00426824197769165
       145     7.76576576576577 -0.00130536661148071
       146     7.80580580580581 -0.00212628946304321
       147     7.84584584584585 -0.00294664011001587
       148     7.88588588588589 -0.00563495264053345
       149     7.92592592592593  0.00983145132064819
       150     7.96596596596597  0.00262539281845093
       151     8.00600600600601 -0.000785804843902588
       152     8.04604604604605  0.00017378225326538
       153     8.08608608608609 0.000553916835784912
       154     8.12612612612613 -0.00200383768081665
       155     8.16616616616617 -0.000975776767730714
       156     8.20620620620621 -0.00188596353530884
       157     8.24624624624625  0.00177795782089234
       158     8.28628628628629  0.00547554388046264
       159     8.32632632632633 0.000200866603851317
       160     8.36636636636637  0.00275165929794311
       161     8.40640640640641  0.00690996541976928
       162     8.44644644644645 0.000505660915374756
       163     8.48648648648649 -0.000775123691558839
       164     8.52652652652653 -0.00789725885391235
       165     8.56656656656657  0.00144569768905639
       166     8.60660660660661  0.00940735235214233
       167     8.64664664664665 -0.00441730127334595
       168     8.68668668668669 -0.00435187921524048
       169     8.72672672672673   0.0017142523765564
       170     8.76676676676677 0.000820373439788818
       171     8.80680680680681   0.0141080130577087
       172     8.84684684684685 -0.00201947793960571
       173     8.88688688688689 -0.00175645456314087
       174     8.92692692692693  0.00471355810165405
       175     8.96696696696697  0.00801765813827515
       176     9.00700700700701 0.000623916530609131
       177     9.04704704704705   0.0031373251914978
       178     9.08708708708709  -0.0103660355567932
       179     9.12712712712713 -0.00977809534072876
       180     9.16716716716717  -0.0110848198890686
       181     9.20720720720721  0.00477058782577515
       182     9.24724724724725  0.00379927053451538
       183     9.28728728728729  0.00170700445175171
       184     9.32732732732733  0.00598289861679077
       185     9.36736736736737  0.00471622838973999
       186     9.40740740740741 -0.00555522546768189
       187     9.44744744744745 -0.00319583520889282
       188     9.48748748748749  0.00428745641708374
       189     9.52752752752753 -0.00705468759536743
       190     9.56756756756757 0.000927947902679443
       191     9.60760760760761   0.0048514594078064
       192     9.64764764764765 -0.00161635980606079
       193     9.68768768768769  0.00267193212509155
       194     9.72772772772773   0.0104274977684021
       195     9.76776776776777 -0.00036485300064087
       196     9.80780780780781 -0.00807445154190064
       197     9.84784784784785  0.00133077993392944
       198     9.88788788788789  0.00901367559432983
       199     9.92792792792793  -0.0014616738319397
       200     9.96796796796797   0.0005916823387146
       201      10.008008008008 -0.00683105096817017
       202      10.048048048048 -0.000734592533111572
       203     10.0880880880881  0.00627643957138061
       204     10.1281281281281  -0.0020628701210022
       205     10.1681681681682  0.00394947423934936
       206     10.2082082082082   0.0104273070335388
       207     10.2482482482482 -0.00684182748794556
       208     10.2882882882883 -0.000136161899566651
       209     10.3283283283283  0.00943510427474976
       210     10.3683683683684 -0.00421702966690064
       211     10.4084084084084  -0.0017001877784729
       212     10.4484484484484  -0.0115719567298889
       213     10.4884884884885  -0.0110910187721252
       214     10.5285285285285 -0.00593574151992798
       215     10.5685685685686  -0.0017276535987854
       216     10.6086086086086  0.00214865102767944
       217     10.6486486486486  0.00217869176864624
       218     10.6886886886887  0.00369045629501343
       219     10.7287287287287 -0.00339534387588501
       220     10.7687687687688 -0.000643516635894775
       221     10.8088088088088 -0.00458791360855103
       222     10.8488488488488 -0.00889518365859986
       223     10.8888888888889  0.00344641103744507
       224     10.9289289289289 -0.00270888910293579
       225      10.968968968969 -0.00149657831192017
       226      11.009009009009  0.00363552465438843
       227      11.049049049049  0.00681564702987671
       228     11.0890890890891 -0.00255973443984986
       229     11.1291291291291 -0.00630567178726196
       230     11.1691691691692 0.000926135921478272
       231     11.2092092092092  0.00455372228622436
       232     11.2492492492492   0.0107947577476501
       233     11.2892892892893 -0.000592590427398683
       234     11.3293293293293  0.00644228353500366
       235     11.3693693693694 0.000152801418304443
       236     11.4094094094094  0.00491545095443726
       237     11.4494494494494 -0.000602222537994385
       238     11.4894894894895 0.000245212459564209
       239     11.5295295295295 -0.00343082056045532
       240     11.5695695695696 -0.00330655679702759
       241     11.6096096096096 -0.00178639993667603
       242     11.6496496496496  -0.0112208138465881
       243     11.6896896896897  0.00661470785140991
       244     11.7297297297297  0.00790855779647827
       245     11.7697697697698   0.0077323187828064
       246     11.8098098098098   0.0137036551475525
       247     11.8498498498498   0.0705130805015564
       248     11.8898898898899    0.140198062801361
       249     11.9299299299299    0.051348136806488
       250       11.96996996997   -0.101964927768707
       251       12.01001001001   -0.117318416690826
       252     12.0500500500501  -0.0456788788795471
       253     12.0900900900901  -0.0106765519142151
       254     12.1301301301301 -0.00599916086196899
       255     12.1701701701702 -0.00103099451065063
       256     12.2102102102102 -0.00283153162002564
       257     12.2502502502503  -0.0041746865272522
       258     12.2902902902903 -0.00215661630630493
       259     12.3303303303303 -0.00155255899429321
       260     12.3703703703704 -0.00450580224990845
       261     12.4104104104104 -0.000330806827545167
       262     12.4504504504505  0.00311081304550171
       263     12.4904904904905  0.00238344564437866
       264     12.5305305305305 -0.00178487405776978
       265     12.5705705705706  0.00233356847763061
       266     12.6106106106106 -0.000968528842926026
       267     12.6506506506507  0.00491392507553101
       268     12.6906906906907 -0.00606544122695923
       269     12.7307307307307 -0.00461118326187134
       270     12.7707707707708   0.0047176589012146
       271     12.8108108108108  -0.0120427857398987
       272     12.8508508508509 -0.00933101282119751
       273     12.8908908908909  0.00404217138290405
       274     12.9309309309309 -0.00870578393936157
       275      12.970970970971 -0.00864026651382447
       276      13.011011011011 -0.00128495798110962
       277     13.0510510510511  -0.0101533661842346
       278     13.0910910910911 -0.00718505487442017
       279     13.1311311311311  -0.0102022896766663
       280     13.1711711711712  0.00222036733627319
       281     13.2112112112112  0.00343086614608765
       282     13.2512512512513 -0.00934636697769165
       283     13.2912912912913 -0.00435969934463501
       284     13.3313313313313 0.000719093227386474
       285     13.3713713713714  0.00256283178329468
       286     13.4114114114114  0.00459482564926147
       287     13.4514514514515  0.00250027074813843
       288     13.4914914914915 -0.000507522678375244
       289     13.5315315315315 -0.00475986108779907
       290     13.5715715715716  -0.0106608162879944
       291     13.6116116116116  0.00608084096908569
       292     13.6516516516517  0.00420601263046265
       293     13.6916916916917 -0.00601098642349243
       294     13.7317317317317 -0.00351626977920532
       295     13.7717717717718  0.00438082113265991
       296     13.8118118118118 1.39464378356932e-05
       297     13.8518518518519 0.000932334804534912
       298     13.8918918918919  0.00938360586166382
       299     13.9319319319319  0.00658323659896851
       300      13.971971971972  0.00598738088607788
       301      14.012012012012 0.000290130519866944
       302     14.0520520520521 -0.00773856744766235
       303     14.0920920920921 -0.00210225687026978
       304     14.1321321321321  0.00361435308456421
       305     14.1721721721722  0.00253841772079468
       306     14.2122122122122 -0.00759713754653931
       307     14.2522522522523  -0.0112659226417542
       308     14.2922922922923  0.00303165807723999
       309     14.3323323323323  0.00390751256942749
       310     14.3723723723724 -0.00218074426651001
       311     14.4124124124124  -0.0029870759010315
       312     14.4524524524525 -0.00154750452041626
       313     14.4924924924925  -0.0024788628578186
       314     14.5325325325325  0.00084793462753296
       315     14.5725725725726  0.00475075139999389
       316     14.6126126126126  0.00519716634750367
       317     14.6526526526527  -0.0071623574256897
       318     14.6926926926927 -0.00817887887954712
       319     14.7327327327327 -0.00794084177017212
       320     14.7727727727728  -0.0065707932472229
       321     14.8128128128128  0.00371038808822632
       322     14.8528528528529 -0.000177837467193604
       323     14.8928928928929  0.00311996831893921
       324     14.9329329329329  0.00464537038803101
       325      14.972972972973 -0.000572086429595948
       326      15.013013013013   0.0108301390647888
       327     15.0530530530531  0.00701296224594116
       328     15.0930930930931 -0.00336473093032837
       329     15.1331331331331  0.00797159566879272
       330     15.1731731731732 -0.00644080743789673
       331     15.2132132132132 -0.000181079959869385
       332     15.2532532532533 -0.00377528772354126
       333     15.2932932932933 -0.000630737400054932
       334     15.3333333333333 0.000915931606292724
       335     15.3733733733734  -0.0120127449989319
       336     15.4134134134134 -0.00371606454849243
       337     15.4534534534535  0.00284492864608765
       338     15.4934934934935  0.00168821706771851
       339     15.5335335335335  0.00866768255233764
       340     15.5735735735736  0.00560772314071655
       341     15.6136136136136 -0.00677144632339478
       342     15.6536536536537 -0.00239970788955689
       343     15.6936936936937  -0.0119832764625549
       344     15.7337337337337  0.00987474813461304
       345     15.7737737737738 -0.00069911584854126
       346     15.8138138138138 -0.00309636697769165
       347     15.8538538538539 -0.00343024835586548
       348     15.8938938938939  0.00159675970077515
       349     15.9339339339339  0.00807793035507202
       350      15.973973973974 -0.00129573450088501
       351      16.014014014014  0.00912210836410522
       352     16.0540540540541  0.00524523153305054
       353     16.0940940940941 -0.00934665307998657
       354     16.1341341341341 -0.00895831689834595
       355     16.1741741741742  0.00960495367050171
       356     16.2142142142142  0.00406982793807983
       357     16.2542542542543  0.00168411626815796
       358     16.2942942942943   -0.011729312992096
       359     16.3343343343343 -0.00292823419570923
       360     16.3743743743744  0.00153047933578491
       361     16.4144144144144   0.0062862624168396
       362     16.4544544544545 1.13715171813964e-05
       363     16.4944944944945 -0.00153520212173462
       364     16.5345345345345 -0.00165774927139282
       365     16.5745745745746 -0.00733564004898071
       366     16.6146146146146 -0.00989005670547486
       367     16.6546546546547 -0.00421159372329712
       368     16.6946946946947 -0.000722671604156494
       369     16.7347347347347  0.00502016439437866
       370     16.7747747747748  0.00237915410995483
       371     16.8148148148148  0.00511982336044312
       372     16.8548548548549  0.00723974599838257
       373     16.8948948948949    0.022691081905365
       374     16.9349349349349   0.0603895415306091
       375      16.974974974975     0.21168005361557
       376      17.015015015015    0.210916065120697
       377     17.0550550550551  -0.0154221306800842
       378     17.0950950950951   -0.234183574771881
       379     17.1351351351351   -0.188772941684723
       380     17.1751751751752  -0.0565255890846252
       381     17.2152152152152  -0.0222726593971252
       382     17.2552552552553  -0.0156743775367737
       383     17.2952952952953  -0.0155587922096252
       384     17.3353353353353 0.000503085994720458
       385     17.3753753753754 -0.00427672967910767
       386     17.4154154154154 -0.00114410028457642
       387     17.4554554554555 -0.00823867425918579
       388     17.4954954954955 0.000723670864105224
       389     17.5355355355355   0.0050803412437439
       390     17.5755755755756 -0.00434997186660767
       391     17.6156156156156 0.000598739528656005
       392     17.6556556556557  0.00484964742660522
       393     17.6956956956957  0.00294268026351929
       394     17.7357357357357  0.00527508153915405
       395     17.7757757757758 -0.00216701135635376
       396     17.8158158158158  0.00217239751815796
       397     17.8558558558559 -0.00771710977554321
       398     17.8958958958959  0.00530111684799194
       399     17.9359359359359  0.00423033132553101
       400      17.975975975976 0.000471137905120848
       401      18.016016016016  0.00383779897689819
       402     18.0560560560561 -0.00253865823745728
       403     18.0960960960961 -0.00254819498062134
       404     18.1361361361361  -0.0136708985328674
       405     18.1761761761762  0.00621054067611694
       406     18.2162162162162  0.00030348196029663
       407     18.2562562562563  0.00555174245834351
       408     18.2962962962963  0.00646335973739624
       409     18.3363363363363   0.0101632346153259
       410     18.3763763763764  0.00138084783554077
       411     18.4164164164164  0.00387241735458374
       412     18.4564564564565 -0.000218940830230712
       413     18.4964964964965  0.00786507024765015
       414     18.5365365365365  0.00231201543807983
       415     18.5765765765766  -0.0041751633644104
       416     18.6166166166166  0.00103695287704468
       417     18.6566566566567 -0.00348460779190063
       418     18.6966966966967  0.00289604558944702
       419     18.7367367367367 -0.00639922723770142
       420     18.7767767767768 -0.00248878107070923
       421     18.8168168168168  0.00746385946273804
       422     18.8568568568569 -0.00412051782608032
       423     18.8968968968969 -0.00590980157852173
       424     18.9369369369369  0.00264274969100952
       425      18.976976976977  0.00198433294296265
       426      19.017017017017  0.00196316137313843
       427     19.0570570570571 -0.00111444101333618
       428     19.0970970970971  0.00611450567245483
       429     19.1371371371371 -0.00105970010757446
       430     19.1771771771772  0.00169975652694702
       431     19.2172172172172  0.00478918447494507
       432     19.2572572572573  0.00727589025497436
       433     19.2972972972973 -0.00123088464736939
       434     19.3373373373373  -0.0028654824256897
       435     19.3773773773774   0.0031577338218689
       436     19.4174174174174 0.000293468379974365
       437     19.4574574574575  -0.0106743584632874
       438     19.4974974974975  0.00174953832626343
       439     19.5375375375375  -0.0075351487159729
       440     19.5775775775776  0.00169136419296265
       441     19.6176176176176 -0.00767305002212525
       442     19.6576576576577  0.00244171514511108
       443     19.6976976976977  -0.0130089531898499
       444     19.7377377377377 -0.00746610269546509
       445     19.7777777777778  0.00780842199325561
       446     19.8178178178178   0.0120946158409119
       447     19.8578578578579  0.00582334890365601
       448     19.8978978978979  0.00546018972396851
       449     19.9379379379379 -0.00651862726211548
       450      19.977977977978  -0.0100013504981995
       451      20.018018018018  0.00434458150863647
       452     20.0580580580581  0.00237886800765991
       453     20.0980980980981  0.00852920904159546
       454     20.1381381381381   0.0112941969871521
       455     20.1781781781782  0.00495226278305054
       456     20.2182182182182  0.00484478368759155
       457     20.2582582582583  0.00273029699325562
       458     20.2982982982983  0.00221102132797241
       459     20.3383383383383  0.00347053899765015
       460     20.3783783783784 -0.00610272989273071
       461     20.4184184184184 -0.000976730442047121
       462     20.4584584584585 -0.00540740594863892
       463     20.4984984984985  0.00771820440292358
       464     20.5385385385385 -0.000440479373931886
       465     20.5785785785786 -0.000568462467193603
       466     20.6186186186186  0.00210859670639038
       467     20.6586586586587 -0.00401723489761353
       468     20.6986986986987 -0.000702644443511963
       469     20.7387387387387 -0.00122077569961548
       470     20.7787787787788 -0.000174022769927979
       471     20.8188188188188  0.00427839651107788
       472     20.8588588588589 -0.00506064996719361
       473     20.8988988988989 -0.000506378269195557
       474     20.9389389389389 0.000581478023529052
       475      20.978978978979 -0.00418746576309204
       476      21.019019019019  0.00246431722640991
       477     21.0590590590591  0.00464279546737671
       478     21.0990990990991   0.0032065619468689
       479     21.1391391391391 -0.00188014612197876
       480     21.1791791791792  0.00526010885238647
       481     21.2192192192192 0.000367854976654051
       482     21.2592592592593  0.00281011953353882
       483     21.2992992992993  0.00581734075546265
       484     21.3393393393393  0.00703613653182983
       485     21.3793793793794  0.00675833120346069
       486     21.4194194194194  0.00335991277694702
       487     21.4594594594595 -0.00115020380020142
       488     21.4994994994995 -0.000924564456939697
       489     21.5395395395395  0.00535976781845093
       490     21.5795795795796   0.0057216872215271
       491     21.6196196196196  0.00790512456893921
       492     21.6596596596597 -0.000427318668365479
       493     21.6996996996997 -0.000635696506500245
       494     21.7397397397397  0.00037662878036499
       495     21.7797797797798    0.005237411403656
       496     21.8198198198198  0.00561630620956421
       497     21.8598598598599  0.00896894826889038
       498     21.8998998998999  -0.0078804741859436
       499     21.9399399399399 -0.00100772485733032
       500       21.97997997998  0.00400106801986694
       501       22.02002002002  0.00279915227890015
       502     22.0600600600601 -0.00535113916397095
       503     22.1001001001001 -0.00254581079483032
       504     22.1401401401401  0.00708114995956421
       505     22.1801801801802 -0.00117137537002563
       506     22.2202202202202 -0.00466258630752564
       507     22.2602602602603  0.00283558263778686
       508     22.3003003003003  0.00546438589096069
       509     22.3403403403403 -0.00750234231948853
       510     22.3803803803804   0.0118303526878357
       511     22.4204204204204  0.00777361288070679
       512     22.4604604604605 -0.00610873804092407
       513     22.5005005005005 -0.00926864252090455
       514     22.5405405405405 -0.00164010629653931
       515     22.5805805805806 -0.00319116220474243
       516     22.6206206206206  0.00249378576278687
       517     22.6606606606607   0.0157699812889099
       518     22.7007007007007 -0.00448548898696899
       519     22.7407407407407 -3.56446266174306e-05
       520     22.7807807807808 -0.000544906711578368
       521     22.8208208208208  -0.0018776665687561
       522     22.8608608608609   0.0136552084922791
       523     22.9009009009009   0.0129810561180115
       524     22.9409409409409 -0.00276877985000611
       525      22.980980980981  0.00590507879257202
       526      23.021021021021  0.00136053457260132
       527     23.0610610610611    0.010171436214447
       528     23.1011011011011   0.0156357039451599
       529     23.1411411411411   0.0463906516075134
       530     23.1811811811812   0.0885299910545349
       531     23.2212212212212     0.22068769826889
       532     23.2612612612613    0.576561664485931
       533     23.3013013013013    0.762095950984955
       534     23.3413413413413    0.196887611293793
       535     23.3813813813814   -0.514662242984772
       536     23.4214214214214   -0.696464515781403
       537     23.4614614614615   -0.410651947116852
       538     23.5015015015015   -0.156952453708649
       539     23.5415415415415   -0.079288841342926
       540     23.5815815815816  -0.0281993638038635
       541     23.6216216216216 -0.00687701807022095
       542     23.6616616616617 -0.00525949106216431
       543     23.7017017017017  -0.0082813988685608
       544     23.7417417417417 -0.00624864206314087
       545     23.7817817817818 -0.00353963479995727
       546     23.8218218218218 0.000469135189056396
       547     23.8618618618619 -0.00175969705581665
       548     23.9019019019019  0.00533983602523804
       549     23.9419419419419  0.00572969808578491
       550      23.981981981982  0.00262262716293335
       551      24.022022022022  0.00429003133773804
       552     24.0620620620621   0.0193557967185974
       553     24.1021021021021 -0.000285221195220947
       554     24.1421421421421  0.00694668188095093
       555     24.1821821821822   0.0120765913963318
       556     24.2222222222222  0.00137026205062866
       557     24.2622622622623 -0.00329434976577759
       558     24.3023023023023 -0.00226533517837524
       559     24.3423423423423 -0.00521018610000611
       560     24.3823823823824  0.00148832693099976
       561     24.4224224224224 -0.00613010034561157
       562     24.4624624624625  -0.0146243821144104
       563     24.5025025025025  0.00368368520736694
       564     24.5425425425425 -0.000853801822662353
       565     24.5825825825826  -0.0002475510597229
       566     24.6226226226226 -0.00419824228286743
       567     24.6626626626627 -0.00107476816177368
       568     24.7027027027027 -0.00192716226577759
       569     24.7427427427427 -0.00576617822647095
       570     24.7827827827828   -0.001622940158844
       571     24.8228228228228  0.00696079626083374
       572     24.8628628628629   0.0108891715049744
       573     24.9029029029029   0.0122878302574158
       574     24.9429429429429 -0.00884921655654907
       575      24.982982982983 -0.00585324869155884
       576      25.023023023023  0.00799248113632202
       577     25.0630630630631 -0.00374667749404907
       578     25.1031031031031 -0.00315120325088501
       579     25.1431431431431 -0.00205743417739868
       580     25.1831831831832 0.000433277034759521
       581     25.2232232232232  0.00398638143539429
       582     25.2632632632633 -0.000458503818511963
       583     25.3033033033033 -0.00582730875015259
       584     25.3433433433433 -4.97590065002441e-05
       585     25.3833833833834  -0.0160420189857483
       586     25.4234234234234  0.00495245351791382
       587     25.4634634634635 -0.000765396213531494
       588     25.5035035035035   -0.012078262424469
       589     25.5435435435435  -0.0136363755226135
       590     25.5835835835836 -0.00174100503921509
       591     25.6236236236236 -0.000455452060699462
       592     25.6636636636637  0.00452148809432983
       593     25.7037037037037  -0.0079044114112854
       594     25.7437437437437   0.0020926703453064
       595     25.7837837837838   0.0060935248374939
       596     25.8238238238238 -0.000363136386871339
       597     25.8638638638639  0.00525095357894897
       598     25.9039039039039  0.00359527959823609
       599     25.9439439439439  0.00500090017318726
       600      25.983983983984  0.00576450719833374
       601      26.024024024024 -0.00204684839248657
       602     26.0640640640641  0.00387995138168335
       603     26.1041041041041  0.00510275259017944
       604     26.1441441441441  0.00164654150009155
       605     26.1841841841842  0.00189802541732788
       606     26.2242242242242  -0.0024844895362854
       607     26.2642642642643  0.00474483861923218
       608     26.3043043043043 -0.000771308994293212
       609     26.3443443443443  -0.0144445191383362
       610     26.3843843843844 -0.00289104089736939
       611     26.4244244244244  0.00538303747177124
       612     26.4644644644645 -0.00245778665542603
       613     26.5045045045045  0.00129244222640991
       614     26.5445445445445  0.00393984212875366
       615     26.5845845845846  0.00236647024154663
       616     26.6246246246246 0.000407718563079834
       617     26.6646646646647 -0.00049026117324829
       618     26.7047047047047 -0.00564773187637329
       619     26.7447447447447 -0.00404298410415649
       620     26.7847847847848  0.00240213766098022
       621     26.8248248248248  0.00500910177230835
       622     26.8648648648649 -0.00083177194595337
       623     26.9049049049049  0.00113651647567749
       624     26.9449449449449   0.0034171332359314
       625      26.984984984985 -0.00881126031875611
       626      27.025025025025 -0.00757272348403931
       627     27.0650650650651 -0.00516612634658813
       628     27.1051051051051   -0.002898574924469
       629     27.1451451451451 -0.000757099246978761
       630     27.1851851851852 -0.00087125406265259
       631     27.2252252252252  0.00728456869125366
       632     27.2652652652653  0.00515739812850952
       633     27.3053053053053  0.00108625783920288
       634     27.3453453453453  0.00204145803451538
       635     27.3853853853854  0.00359327688217163
       636     27.4254254254254 -0.00529620752334595
       637     27.4654654654655  0.00124513998031616
       638     27.5055055055055 0.000432037258148193
       639     27.5455455455455  0.00273210897445679
       640     27.5855855855856  0.00180838003158569
       641     27.6256256256256  -0.0101791153907776
       642     27.6656656656657  0.00339157476425171
       643     27.7057057057057   0.0109783400535584
       644     27.7457457457457 -0.00435083017349243
       645     27.7857857857858 -0.00649154291152954
       646     27.8258258258258 -0.00199143991470337
       647     27.8658658658659   0.0123006094932556
       648     27.9059059059059  0.00563356771469116
       649     27.9459459459459 -0.000166393375396729
       650      27.985985985986 -0.00480392084121704
       651      28.026026026026  0.00409309759140015
       652     28.0660660660661  0.00470030202865601
       653     28.1061061061061  0.00925962820053101
       654     28.1461461461461  0.00138494863510132
       655     28.1861861861862 -0.00790879831314087
       656     28.2262262262262  0.00638668432235718
       657     28.2662662662663 -0.00189263925552368
       658     28.3063063063063 -2.63939857482915e-05
       659     28.3463463463463 -0.00447251901626587
       660     28.3863863863864  -0.0076760064125061
       661     28.4264264264264 -0.00517556772232056
       662     28.4664664664665 -0.00227754220962524
       663     28.5065065065065 -0.00368478403091431
       664     28.5465465465465 -0.00133502588272095
       665     28.5865865865866 -3.57399940490716e-05
       666     28.6266266266266  0.00132143392562866
       667     28.6666666666667 0.000347255611419679
       668     28.7067067067067   0.0039887656211853
       669     28.7467467467467 -0.00532624826431275
       670     28.7867867867868  0.00207455053329468
       671     28.8268268268268 -0.00415904626846314
       672     28.8668668668669  0.00117885961532593
       673     28.9069069069069   0.0032309760093689
       674     28.9469469469469  0.00636684789657593
       675      28.986986986987  0.00129768743515015
       676      29.027027027027  0.00704347982406616
       677     29.0670670670671  0.00102465047836304
       678     29.1071071071071    0.011272739315033
       679     29.1471471471471   0.0100394476890564
       680     29.1871871871872  0.00576898946762085
       681     29.2272272272272 -0.00292279825210571
       682     29.2672672672673 -0.00345895395278931
       683     29.3073073073073 0.000180648708343506
       684     29.3473473473473 -0.00828330621719361
       685     29.3873873873874  0.00232908620834351
       686     29.4274274274274  -0.0027352105140686
       687     29.4674674674675 -0.00617606744766235
       688     29.5075075075075  -0.0015755425453186
       689     29.5475475475475 -0.000640369510650636
       690     29.5875875875876 -0.000604797458648681
       691     29.6276276276276 -0.000644661045074463
       692     29.6676676676677   0.0074210394859314
       693     29.7077077077077 -2.13395118713371e-05
       694     29.7477477477477 -0.00229737863540649
       695     29.7877877877878  0.00406210317611694
       696     29.8278278278278 -0.00360610589981079
       697     29.8678678678679   0.0037171591758728
       698     29.9079079079079 7.89870262145994e-05
       699     29.9479479479479   0.0101463545799255
       700      29.987987987988 -0.00232255563735962
       701      30.028028028028   -0.011840225315094
       702     30.0680680680681   0.0018032301902771
       703     30.1081081081081    0.003046249294281
       704     30.1481481481481 -0.000295902347564698
       705     30.1881881881882  0.00241634740829468
       706     30.2282282282282  0.00480482473373413
       707     30.2682682682683  0.00645782842636108
       708     30.3083083083083  0.00348799123764038
       709     30.3483483483483  0.00170519247055054
       710     30.3883883883884 -0.00507304773330689
       711     30.4284284284284  0.00122311010360718
       712     30.4684684684685  0.00283911123275757
       713     30.5085085085085 -0.00246236429214477
       714     30.5485485485485   0.0051235426902771
       715     30.5885885885886 -0.00515849695205688
       716     30.6286286286286 -0.00452678308486939
       717     30.6686686686687  0.00309126272201538
       718     30.7087087087087 -0.00137879953384399
       719     30.7487487487487  0.00993549718856811
       720     30.7887887887888 -0.00746371850967407
       721     30.8288288288288  0.00910169973373413
       722     30.8688688688689 -0.00375411615371704
       723     30.9089089089089  0.00616056814193725
       724     30.9489489489489  0.00262148275375366
       725      30.988988988989 -0.00627648935317993
       726      31.029029029029  -0.0045291672706604
       727     31.0690690690691 -0.00455730066299438
       728     31.1091091091091   0.0109402884483337
       729     31.1491491491491  0.00711700811386108
       730     31.1891891891892 0.000558113002777101
       731     31.2292292292292 -0.00554158792495728
       732     31.2692692692693  0.00207035436630249
       733     31.3093093093093 -0.00903365716934204
       734     31.3493493493493 -0.00891807184219361
       735     31.3893893893894 -0.000291324710845948
       736     31.4294294294294 -0.00472257242202759
       737     31.4694694694695   0.0064851035118103
       738     31.5095095095095  0.00723755254745484
       739     31.5495495495495  0.00332758321762085
       740     31.5895895895896  0.00218918218612671
       741     31.6296296296296 -0.00627534494400025
       742     31.6696696696697 -0.00728061304092407
       743     31.7097097097097  0.00249559774398804
       744     31.7497497497497  0.00213577642440796
       745     31.7897897897898 -0.00195024118423462
       746     31.8298298298298  0.00249664678573608
       747     31.8698698698699 -0.00298459634780884
       748     31.9099099099099  0.00150329961776733
       749     31.9499499499499 -0.00902316675186157
       750       31.98998998999 -0.00760419473648071
       751       32.03003003003 -0.00754306421279907
       752     32.0700700700701 -0.00348832712173462
       753     32.1101101101101  -0.0078093300819397
       754     32.1501501501501 -0.00114610300064087
       755     32.1901901901902  0.00641624822616577
       756     32.2302302302302 -0.000925899600982666
       757     32.2702702702703 -0.00776689157485962
       758     32.3103103103103 -0.00580327615737915
       759     32.3503503503503 -0.000853897190093995
       760     32.3903903903904  0.00179092779159546
       761     32.4304304304304  0.00188991918563843
       762     32.4704704704705 -0.00826671228408814
       763     32.5105105105105 -0.00742747888565064
       764     32.5505505505505 -0.00108535394668579
       765     32.5905905905906  -0.0168043862342834
       766     32.6306306306306   -0.005883194065094
       767     32.6706706706707  -0.0052829514503479
       768     32.7107107107107 -0.00383308038711548
       769     32.7507507507508 -0.00625302896499634
       770     32.7907907907908 -0.000913597202301025
       771     32.8308308308308 -0.00832526788711548
       772     32.8708708708709  -0.0015084038734436
       773     32.9109109109109 -0.00616471872329712
       774      32.950950950951  0.00181333913803101
       775      32.990990990991  -0.0050474892616272
       776      33.031031031031 -0.00764339075088501
       777     33.0710710710711  -0.0167896996498108
       778     33.1111111111111 -0.00458314523696899
       779     33.1511511511512  -0.0102783928871155
       780     33.1911911911912  0.00182421102523804
       781     33.2312312312312  0.00235988988876343
       782     33.2712712712713  0.00362684621810913
       783     33.3113113113113 -0.00105722055435181
       784     33.3513513513514 -0.00226075754165649
       785     33.3913913913914  0.00436689748764038
       786     33.4314314314314 -0.00230510339736938
       787     33.4714714714715 -0.00402619943618775
       788     33.5115115115115 -0.00432870492935181
       789     33.5515515515516    -0.01458308801651
       790     33.5915915915916  0.00204241170883179
       791     33.6316316316316  0.00372450246810913
       792     33.6716716716717 0.000671409511566162
       793     33.7117117117117  0.00666668310165405
       794     33.7517517517518  0.00971310033798218
       795     33.7917917917918 -0.00355365381240845
       796     33.8318318318318  -0.0045927773475647
       797     33.8718718718719 0.000959705257415771
       798     33.9119119119119 -0.00116183862686157
       799      33.951951951952  0.00732090368270874
       800      33.991991991992  0.00275051488876343
       801      34.032032032032  0.00450537099838257
       802     34.0720720720721 0.000849746608734131
       803     34.1121121121121 0.000345062160491943
       804     34.1521521521522 -0.00504930124282837
       805     34.1921921921922 1.52815818786614e-05
       806     34.2322322322322 -0.00198934183120728
       807     34.2722722722723 -0.00901811227798462
       808     34.3123123123123 -0.00339028940200806
       809     34.3523523523524  -0.0132927666664124
       810     34.3923923923924 -0.00506694421768189
       811     34.4324324324324  -0.0021884690284729
       812     34.4724724724725 0.000419925594329834
       813     34.5125125125125   0.0019161452293396
       814     34.5525525525526  0.00151188268661499
       815     34.5925925925926  0.00156862630844116
       816     34.6326326326326 -0.00686833963394165
       817     34.6726726726727  0.00324938192367554
       818     34.7127127127127   0.0111210097312927
       819     34.7527527527528  -0.0017708550453186
       820     34.7927927927928 -0.00263803110122681
       821     34.8328328328328 -0.00816362009048462
       822     34.8728728728729 -0.00838840112686157
       823     34.9129129129129 -0.00714643106460571
       824      34.952952952953 -0.00634305582046509
       825      34.992992992993 0.000980590724945068
       826      35.033033033033 -0.00523650751113892
       827     35.0730730730731  -0.0101504097938538
       828     35.1131131131131 0.000589488887786865
       829     35.1531531531532  0.00658209218978882
       830     35.1931931931932   0.0111178626060486
       831     35.2332332332332 -0.00231750116348267
       832     35.2732732732733   0.0047146071434021
       833     35.3133133133133  -0.0080478440284729
       834     35.3533533533534 -0.00076005563735962
       835     35.3933933933934  0.00609896078109741
       836     35.4334334334334   -0.006292129611969
       837     35.4734734734735   0.0016018141746521
       838     35.5135135135135   -0.012894798374176
       839     35.5535535535536  -0.0106251488685608
       840     35.5935935935936  0.00134317770004273
       841     35.6336336336336 0.000975154781341553
       842     35.6736736736737   0.0060874213218689
       843     35.7137137137137  -0.0046293984413147
       844     35.7537537537538 -0.00617177591323853
       845     35.7937937937938 -6.55755996704157e-06
       846     35.8338338338338 -0.00347783670425415
       847     35.8738738738739  -0.0134967576026917
       848     35.9139139139139 -0.00684344873428345
       849      35.953953953954  0.00368559255599975
       850      35.993993993994  0.00507376089096069
       851      36.034034034034 -0.000280548191070557
       852     36.0740740740741 0.000988887691497803
       853     36.1141141141141 -0.00409314737319946
       854     36.1541541541542  0.00149471654891968
       855     36.1941941941942   0.0050167311668396
       856     36.2342342342342  0.00272982015609741
       857     36.2742742742743 -0.00888908014297486
       858     36.3143143143143  0.00347158803939819
       859     36.3543543543544 -0.00269620523452759
       860     36.3943943943944  0.00254957571029663
       861     36.4344344344344  -0.0147091637611389
       862     36.4744744744745  0.00542042150497436
       863     36.5145145145145  0.00181934728622437
       864     36.5545545545546   0.0068905104637146
       865     36.5945945945946 -0.00379865274429321
       866     36.6346346346346 -0.00498454675674439
       867     36.6746746746747  0.00704729452133179
       868     36.7147147147147 -0.00431640253067017
       869     36.7547547547548 -0.00338132486343384
       870     36.7947947947948 0.000874351406097412
       871     36.8348348348348 -0.000300956821441651
       872     36.8748748748749 0.000161384487152099
       873     36.9149149149149 -0.00790774927139282
       874      36.954954954955  0.00443441762924194
       875      36.994994994995  -0.0077025185585022
       876      37.035035035035  -0.0101270447731018
       877     37.0750750750751  0.00150406255722046
       878     37.1151151151151 -0.00492646799087525
       879     37.1551551551552  0.00111210241317749
       880     37.1951951951952   0.0021353949546814
       881     37.2352352352352  0.00392582311630249
       882     37.2752752752753 -0.00477340326309204
       883     37.3153153153153 -0.00477998361587525
       884     37.3553553553554 0.000937389278411865
       885     37.3953953953954  0.00446913137435913
       886     37.4354354354354  0.00584556951522827
       887     37.4754754754755 -0.000167823886871339
       888     37.5155155155155  0.00687792196273804
       889     37.5555555555556  0.00876791372299194
       890     37.5955955955956  0.00265228643417358
       891     37.6356356356356  0.00512010946273804
       892     37.6756756756757  0.00413210287094116
       893     37.7157157157157 -0.00380475625991821
       894     37.7557557557558 -0.00183408365249634
       895     37.7957957957958  0.00300848379135132
       896     37.8358358358358  0.00820524587631225
       897     37.8758758758759  0.00280172719955444
       898     37.9159159159159 -0.00304639444351196
       899      37.955955955956   0.0020499457359314
       900      37.995995995996  -0.0172907601356506
       901      38.036036036036 -0.00299260721206665
       902     38.0760760760761  0.00121805562973022
       903     38.1161161161161 -0.00632321939468384
       904     38.1561561561562  0.00106146230697632
       905     38.1961961961962  0.00312197103500366
       906     38.2362362362362  0.00143730535507202
       907     38.2762762762763 -0.00919501886367798
       908     38.3163163163163  0.00320207967758179
       909     38.3563563563564 -0.00505139932632446
       910     38.3963963963964 0.000133823299407959
       911     38.4364364364364  -0.0048496018409729
       912     38.4764764764765 -0.00142314538955689
       913     38.5165165165165 -0.00349099740982056
       914     38.5565565565566 -0.00332620248794556
       915     38.5965965965966  0.00307686223983765
       916     38.6366366366366  0.00503284826278687
       917     38.6766766766767 -0.00498883829116821
       918     38.7167167167167 -0.00123050317764282
       919     38.7567567567568  0.00474083318710327
       920     38.7967967967968  0.00653746023178101
       921     38.8368368368368  0.00353395833969116
       922     38.8768768768769 -0.000204921817779541
       923     38.9169169169169 -0.00411822900772095
       924      38.956956956957  -0.0167067299842834
       925      38.996996996997 -0.000646377658843994
       926      39.037037037037 -0.00173356637954712
       927     39.0770770770771  0.00440113439559937
       928     39.1171171171171 -0.00324056253433227
       929     39.1571571571572 -0.00698459253311158
       930     39.1971971971972 -0.00640514001846314
       931     39.2372372372372 -0.00267179117202759
       932     39.2772772772773 -0.00298431024551392
       933     39.3173173173173 -0.00504253015518188
       934     39.3573573573574 -0.00829913721084595
       935     39.3973973973974 -0.00072648630142212
       936     39.4374374374374 -0.000889755344390871
       937     39.4774774774775  -0.0105148087501526
       938     39.5175175175175  0.00921041860580444
       939     39.5575575575576  -0.0100992928504944
       940     39.5975975975976   -0.011637474155426
       941     39.6376376376376   0.0013057936668396
       942     39.6776776776777 -0.00135505304336548
       943     39.7177177177177 -0.00849568948745728
       944     39.7577577577578  -0.0015541802406311
       945     39.7977977977978  -0.0072351227760315
       946     39.8378378378378  0.00259840383529663
       947     39.8778778778779 -0.00568311319351196
       948     39.9179179179179 -0.00222842798233032
       949      39.957957957958 -0.00429456338882446
       950      39.997997997998  -0.0017642746925354
       951      40.038038038038  0.00349209203720093
       952     40.0780780780781  0.00421497716903687
       953     40.1181181181181 -0.00190627679824829
       954     40.1581581581582 0.000800441646575928
       955     40.1981981981982   0.0086584319114685
       956     40.2382382382382 -0.00025346384048462
       957     40.2782782782783  0.00422003164291382
       958     40.3183183183183  -0.0122225533485413
       959     40.3583583583584 -0.00679462060928345
       960     40.3983983983984 -0.00456101999282837
       961     40.4384384384384   0.0027793158531189
       962     40.4784784784785  0.00470087423324585
       963     40.5185185185185  0.00550463094711303
       964     40.5585585585586   0.0111845244407654
       965     40.5985985985986  0.00186178579330444
       966     40.6386386386386 0.000373863124847412
       967     40.6786786786787  0.00115167989730835
       968     40.7187187187187 0.000649188899993897
       969     40.7587587587588 -0.00486476526260376
       970     40.7987987987988 -0.00438020334243774
       971     40.8388388388388  0.00860617055892944
       972     40.8788788788789 -0.00673530206680298
       973     40.9189189189189 -0.00376775369644165
       974      40.958958958959 -0.00124471292495727
       975      40.998998998999 -0.00499217615127564
       976      41.039039039039  0.00774357213973999
       977     41.0790790790791 -0.00454156503677368
       978     41.1191191191191 -0.00651157007217407
       979     41.1591591591592  0.00350572957992554
       980     41.1991991991992  0.00584337606430054
       981     41.2392392392392 -0.00601413354873657
       982     41.2792792792793  0.00388767614364624
       983     41.3193193193193  0.00302412405014038
       984     41.3593593593594  -0.0011849175453186
       985     41.3993993993994  0.00681173696517944
       986     41.4394394394394  0.00316860570907593
       987     41.4794794794795  0.00405714406967163
       988     41.5195195195195 -0.00178926095962524
       989     41.5595595595596  0.00281450643539429
       990     41.5995995995996  0.00520307912826538
       991     41.6396396396396 -0.00553805932998657
       992     41.6796796796797  0.00112640752792358
       993     41.7197197197197  0.00369198217391968
       994     41.7597597597598 6.41241073608443e-06
       995     41.7997997997998  0.00337374105453491
       996     41.8398398398398  0.00284511938095093
       997     41.8798798798799  0.00646641149520874
       998     41.9199199199199 -0.00186574563980103
       999       41.95995995996 -0.00598161325454712
      1000                   42  0.00234348669052124
