1/5/2022 2:36:51 PM
time/s      E/V        I/A
0.00000E+00 0.00000E+00  -3.95429E-08 -2.51648E-04
5.00000E-01 2.50000E-03  -3.35184E-08 2.26506E-03 
1.00000E+00 5.00000E-03  -2.92210E-08 4.78757E-03 
1.50000E+00 7.50000E-03  -2.54160E-08 7.30521E-03 
2.00000E+00 1.00000E-02  -2.19019E-08 9.82058E-03 
2.50000E+00 1.25000E-02  -1.82987E-08 1.23324E-02 
3.00000E+00 1.50000E-02  -1.53388E-08 1.48418E-02 
3.50000E+00 1.75000E-02  -1.23442E-08 1.73444E-02 
4.00000E+00 2.00000E-02  -9.58643E-09 1.98369E-02 
4.50000E+00 2.25000E-02  -7.21646E-09 2.23368E-02 
5.00000E+00 2.50000E-02  -4.91935E-09 2.48304E-02 
5.50000E+00 2.75000E-02  -2.82419E-09 2.73324E-02 
6.00000E+00 3.00000E-02  -7.30386E-10 2.98339E-02 
6.50000E+00 3.25000E-02  1.08418E-09  3.23403E-02 
7.00000E+00 3.50000E-02  2.89819E-09  3.48335E-02 
7.50000E+00 3.75000E-02  4.61317E-09  3.73331E-02 
8.00000E+00 4.00000E-02  6.28989E-09  3.98265E-02 
8.50000E+00 4.25000E-02  7.86558E-09  4.23242E-02 
9.00000E+00 4.50000E-02  9.39637E-09  4.48263E-02 
9.50000E+00 4.75000E-02  1.07694E-08  4.73331E-02 
1.00000E+01 5.00000E-02  1.22456E-08  4.98315E-02 
1.05000E+01 5.25000E-02  1.35232E-08  5.23242E-02 
1.10000E+01 5.50000E-02  1.48541E-08  5.48316E-02 
1.15000E+01 5.75000E-02  1.60849E-08  5.73323E-02 
1.20000E+01 6.00000E-02  1.73433E-08  5.98456E-02 
1.25000E+01 6.25000E-02  1.85199E-08  6.23441E-02 
1.30000E+01 6.50000E-02  1.96581E-08  6.48575E-02 
1.35000E+01 6.75000E-02  2.07170E-08  6.73741E-02 
1.40000E+01 7.00000E-02  2.17327E-08  6.98724E-02 
1.45000E+01 7.25000E-02  2.27207E-08  7.23718E-02 
1.50000E+01 7.50000E-02  2.36746E-08  7.48763E-02 
1.55000E+01 7.75000E-02  2.46487E-08  7.73789E-02 
1.60000E+01 8.00000E-02  2.55765E-08  7.98899E-02 
1.65000E+01 8.25000E-02  2.64063E-08  8.23837E-02 
1.70000E+01 8.50000E-02  2.73072E-08  8.48916E-02 
1.75000E+01 8.75000E-02  2.81362E-08  8.73848E-02 
1.80000E+01 9.00000E-02  2.88634E-08  8.98785E-02 
1.85000E+01 9.25000E-02  2.98166E-08  9.23805E-02 
1.90000E+01 9.50000E-02  3.05030E-08  9.48882E-02 
1.95000E+01 9.75000E-02  3.11352E-08  9.73853E-02 
2.00000E+01 1.00000E-01  3.16200E-08  9.98695E-02 
2.05000E+01 1.02500E-01  3.25099E-08  1.02354E-01 
2.10000E+01 1.05000E-01  3.32869E-08  1.04857E-01 
2.15000E+01 1.07500E-01  3.38495E-08  1.07362E-01 
2.20000E+01 1.10000E-01  3.45879E-08  1.09865E-01 
2.25000E+01 1.12500E-01  3.50895E-08  1.12376E-01 
2.30000E+01 1.15000E-01  3.57670E-08  1.14873E-01 
2.35000E+01 1.17500E-01  3.63380E-08  1.17378E-01 
2.40000E+01 1.20000E-01  3.68990E-08  1.19879E-01 
2.45000E+01 1.22500E-01  3.75955E-08  1.22387E-01 
2.50000E+01 1.25000E-01  3.81381E-08  1.24899E-01 
2.55000E+01 1.27500E-01  3.86071E-08  1.27395E-01 
2.60000E+01 1.30000E-01  3.91033E-08  1.29896E-01 
2.65000E+01 1.32500E-01  3.96555E-08  1.32403E-01 
2.70000E+01 1.35000E-01  4.01904E-08  1.34908E-01 
2.75000E+01 1.37500E-01  4.07247E-08  1.37407E-01 
2.80000E+01 1.40000E-01  4.12658E-08  1.39896E-01 
2.85000E+01 1.42500E-01  4.17925E-08  1.42405E-01 
2.90000E+01 1.45000E-01  4.22933E-08  1.44915E-01 
2.95000E+01 1.47500E-01  4.28093E-08  1.47419E-01 
3.00000E+01 1.50000E-01  4.33042E-08  1.49921E-01 
3.05000E+01 1.52500E-01  4.37629E-08  1.52430E-01 
3.10000E+01 1.55000E-01  4.42624E-08  1.54915E-01 
3.15000E+01 1.57500E-01  4.47405E-08  1.57419E-01 
3.20000E+01 1.60000E-01  4.52774E-08  1.59923E-01 
3.25000E+01 1.62500E-01  4.57064E-08  1.62432E-01 
3.30000E+01 1.65000E-01  4.62304E-08  1.64936E-01 
3.35000E+01 1.67500E-01  4.66679E-08  1.67440E-01 
3.40000E+01 1.70000E-01  4.71544E-08  1.69934E-01 
3.45000E+01 1.72500E-01  4.76197E-08  1.72426E-01 
3.50000E+01 1.75000E-01  4.81197E-08  1.74937E-01 
3.55000E+01 1.77500E-01  4.86067E-08  1.77438E-01 
3.60000E+01 1.80000E-01  4.90567E-08  1.79938E-01 
3.65000E+01 1.82500E-01  4.95875E-08  1.82438E-01 
3.70000E+01 1.85000E-01  4.99892E-08  1.84936E-01 
3.75000E+01 1.87500E-01  5.04515E-08  1.87443E-01 
3.80000E+01 1.90000E-01  5.10480E-08  1.89947E-01 
3.85000E+01 1.92500E-01  5.15260E-08  1.92443E-01 
3.90000E+01 1.95000E-01  5.19693E-08  1.94957E-01 
3.95000E+01 1.97500E-01  5.24767E-08  1.97458E-01 
4.00000E+01 2.00000E-01  5.29561E-08  1.99967E-01 
4.05000E+01 2.02500E-01  5.34601E-08  2.02456E-01 
4.10000E+01 2.05000E-01  5.39055E-08  2.04947E-01 
4.15000E+01 2.07500E-01  5.44897E-08  2.07454E-01 
4.20000E+01 2.10000E-01  5.48971E-08  2.09960E-01 
4.25000E+01 2.12500E-01  5.54128E-08  2.12461E-01 
4.30000E+01 2.15000E-01  5.59292E-08  2.14964E-01 
4.35000E+01 2.17500E-01  5.63754E-08  2.17459E-01 
4.40000E+01 2.20000E-01  5.69128E-08  2.19960E-01 
4.45000E+01 2.22500E-01  5.74416E-08  2.22460E-01 
4.50000E+01 2.25000E-01  5.79862E-08  2.24964E-01 
4.55000E+01 2.27500E-01  5.85356E-08  2.27470E-01 
4.60000E+01 2.30000E-01  5.90026E-08  2.29975E-01 
4.65000E+01 2.32500E-01  5.95513E-08  2.32481E-01 
4.70000E+01 2.35000E-01  6.00717E-08  2.34969E-01 
4.75000E+01 2.37500E-01  6.05325E-08  2.37471E-01 
4.80000E+01 2.40000E-01  6.10575E-08  2.39974E-01 
4.85000E+01 2.42500E-01  6.16187E-08  2.42474E-01 
4.90000E+01 2.45000E-01  6.21483E-08  2.44977E-01 
4.95000E+01 2.47500E-01  6.26651E-08  2.47473E-01 
5.00000E+01 2.50000E-01  6.33046E-08  2.49977E-01 
5.05000E+01 2.52500E-01  6.38956E-08  2.52471E-01 
5.10000E+01 2.55000E-01  6.44547E-08  2.54980E-01 
5.15000E+01 2.57500E-01  6.49972E-08  2.57476E-01 
5.20000E+01 2.60000E-01  6.56745E-08  2.59979E-01 
5.25000E+01 2.62500E-01  6.61996E-08  2.62484E-01 
5.30000E+01 2.65000E-01  6.68164E-08  2.64989E-01 
5.35000E+01 2.67500E-01  6.73979E-08  2.67488E-01 
5.40000E+01 2.70000E-01  6.80438E-08  2.69982E-01 
5.45000E+01 2.72500E-01  6.85772E-08  2.72485E-01 
5.50000E+01 2.75000E-01  6.92807E-08  2.74987E-01 
5.55000E+01 2.77500E-01  6.98944E-08  2.77486E-01 
5.60000E+01 2.80000E-01  7.05274E-08  2.79991E-01 
5.65000E+01 2.82500E-01  7.12511E-08  2.82488E-01 
5.70000E+01 2.85000E-01  7.18845E-08  2.85000E-01 
5.75000E+01 2.87500E-01  7.25661E-08  2.87490E-01 
5.80000E+01 2.90000E-01  7.32058E-08  2.89996E-01 
5.85000E+01 2.92500E-01  7.38663E-08  2.92496E-01 
5.90000E+01 2.95000E-01  7.45546E-08  2.95005E-01 
5.95000E+01 2.97500E-01  7.53024E-08  2.97502E-01 
6.00000E+01 3.00000E-01  7.59998E-08  3.00005E-01 
6.05000E+01 3.02500E-01  7.66664E-08  3.02498E-01 
6.10000E+01 3.05000E-01  7.73594E-08  3.04997E-01 
6.15000E+01 3.07500E-01  7.81164E-08  3.07502E-01 
6.20000E+01 3.10000E-01  7.87507E-08  3.10001E-01 
6.25000E+01 3.12500E-01  7.94472E-08  3.12505E-01 
6.30000E+01 3.15000E-01  8.01690E-08  3.15015E-01 
6.35000E+01 3.17500E-01  8.10255E-08  3.17518E-01 
6.40000E+01 3.20000E-01  8.17081E-08  3.20010E-01 
6.45000E+01 3.22500E-01  8.24909E-08  3.22513E-01 
6.50000E+01 3.25000E-01  8.32978E-08  3.25015E-01 
6.55000E+01 3.27500E-01  8.39335E-08  3.27523E-01 
6.60000E+01 3.30000E-01  8.47223E-08  3.30026E-01 
6.65000E+01 3.32500E-01  8.55182E-08  3.32529E-01 
6.70000E+01 3.35000E-01  8.63063E-08  3.35021E-01 
6.75000E+01 3.37500E-01  8.70208E-08  3.37518E-01 
6.80000E+01 3.40000E-01  8.77633E-08  3.40022E-01 
6.85000E+01 3.42500E-01  8.86673E-08  3.42524E-01 
6.90000E+01 3.45000E-01  8.94375E-08  3.45031E-01 
6.95000E+01 3.47500E-01  9.01667E-08  3.47535E-01 
7.00000E+01 3.50000E-01  9.09226E-08  3.50033E-01 
7.05000E+01 3.52500E-01  9.17814E-08  3.52530E-01 
7.10000E+01 3.55000E-01  9.25600E-08  3.55033E-01 
7.15000E+01 3.57500E-01  9.33111E-08  3.57535E-01 
7.20000E+01 3.60000E-01  9.40741E-08  3.60045E-01 
7.25000E+01 3.62500E-01  9.49514E-08  3.62542E-01 
7.30000E+01 3.65000E-01  9.57284E-08  3.65047E-01 
7.35000E+01 3.67500E-01  9.64508E-08  3.67538E-01 
7.40000E+01 3.70000E-01  9.73729E-08  3.70041E-01 
7.45000E+01 3.72500E-01  9.80803E-08  3.72541E-01 
7.50000E+01 3.75000E-01  9.89412E-08  3.75042E-01 
7.55000E+01 3.77500E-01  9.98028E-08  3.77547E-01 
7.60000E+01 3.80000E-01  1.00554E-07  3.80049E-01 
7.65000E+01 3.82500E-01  1.01303E-07  3.82540E-01 
7.70000E+01 3.85000E-01  1.02260E-07  3.85052E-01 
7.75000E+01 3.87500E-01  1.02990E-07  3.87554E-01 
7.80000E+01 3.90000E-01  1.03852E-07  3.90051E-01 
7.85000E+01 3.92500E-01  1.04632E-07  3.92553E-01 
7.90000E+01 3.95000E-01  1.05484E-07  3.95053E-01 
7.95000E+01 3.97500E-01  1.06290E-07  3.97557E-01 
8.00000E+01 4.00000E-01  1.07091E-07  4.00064E-01 
8.05000E+01 4.02500E-01  1.07921E-07  4.02562E-01 
8.10000E+01 4.05000E-01  1.08779E-07  4.05065E-01 
8.15000E+01 4.07500E-01  1.09592E-07  4.07561E-01 
8.20000E+01 4.10000E-01  1.10385E-07  4.10060E-01 
8.25000E+01 4.12500E-01  1.11249E-07  4.12561E-01 
8.30000E+01 4.15000E-01  1.12068E-07  4.15065E-01 
8.35000E+01 4.17500E-01  1.12944E-07  4.17566E-01 
8.40000E+01 4.20000E-01  1.13652E-07  4.20068E-01 
8.45000E+01 4.22500E-01  1.14479E-07  4.22574E-01 
8.50000E+01 4.25000E-01  1.15349E-07  4.25074E-01 
8.55000E+01 4.27500E-01  1.16175E-07  4.27573E-01 
8.60000E+01 4.30000E-01  1.17065E-07  4.30075E-01 
8.65000E+01 4.32500E-01  1.17932E-07  4.32582E-01 
8.70000E+01 4.35000E-01  1.18665E-07  4.35069E-01 
8.75000E+01 4.37500E-01  1.19600E-07  4.37562E-01 
8.80000E+01 4.40000E-01  1.20366E-07  4.40067E-01 
8.85000E+01 4.42500E-01  1.21233E-07  4.42572E-01 
8.90000E+01 4.45000E-01  1.22149E-07  4.45079E-01 
8.95000E+01 4.47500E-01  1.22903E-07  4.47580E-01 
9.00000E+01 4.50000E-01  1.23820E-07  4.50084E-01 
9.05000E+01 4.52500E-01  1.24742E-07  4.52592E-01 
9.10000E+01 4.55000E-01  1.25580E-07  4.55083E-01 
9.15000E+01 4.57500E-01  1.26490E-07  4.57581E-01 
9.20000E+01 4.60000E-01  1.27482E-07  4.60083E-01 
9.25000E+01 4.62500E-01  1.28490E-07  4.62590E-01 
9.30000E+01 4.65000E-01  1.29233E-07  4.65091E-01 
9.35000E+01 4.67500E-01  1.30096E-07  4.67593E-01 
9.40000E+01 4.70000E-01  1.31059E-07  4.70088E-01 
9.45000E+01 4.72500E-01  1.32124E-07  4.72582E-01 
9.50000E+01 4.75000E-01  1.33062E-07  4.75090E-01 
9.55000E+01 4.77500E-01  1.34016E-07  4.77590E-01 
9.60000E+01 4.80000E-01  1.35003E-07  4.80097E-01 
9.65000E+01 4.82500E-01  1.36020E-07  4.82602E-01 
9.70000E+01 4.85000E-01  1.36993E-07  4.85102E-01 
9.75000E+01 4.87500E-01  1.38170E-07  4.87605E-01 
9.80000E+01 4.90000E-01  1.39216E-07  4.90094E-01 
9.85000E+01 4.92500E-01  1.40279E-07  4.92600E-01 
9.90000E+01 4.95000E-01  1.41373E-07  4.95103E-01 
9.95000E+01 4.97500E-01  1.42510E-07  4.97600E-01 
1.00000E+02 5.00000E-01  1.43633E-07  5.00094E-01 
1.00500E+02 5.02500E-01  1.44891E-07  5.02603E-01 
1.01000E+02 5.05000E-01  1.46014E-07  5.05103E-01 
1.01500E+02 5.07500E-01  1.47279E-07  5.07616E-01 
1.02000E+02 5.10000E-01  1.48626E-07  5.10110E-01 
1.02500E+02 5.12500E-01  1.49992E-07  5.12607E-01 
1.03000E+02 5.15000E-01  1.51333E-07  5.15109E-01 
1.03500E+02 5.17500E-01  1.52774E-07  5.17612E-01 
1.04000E+02 5.20000E-01  1.54220E-07  5.20115E-01 
1.04500E+02 5.22500E-01  1.55677E-07  5.22602E-01 
1.05000E+02 5.25000E-01  1.57244E-07  5.25101E-01 
1.05500E+02 5.27500E-01  1.58815E-07  5.27609E-01 
1.06000E+02 5.30000E-01  1.60411E-07  5.30111E-01 
1.06500E+02 5.32500E-01  1.62212E-07  5.32612E-01 
1.07000E+02 5.35000E-01  1.64005E-07  5.35123E-01 
1.07500E+02 5.37500E-01  1.65782E-07  5.37610E-01 
1.08000E+02 5.40000E-01  1.67704E-07  5.40107E-01 
1.08500E+02 5.42500E-01  1.69702E-07  5.42611E-01 
1.09000E+02 5.45000E-01  1.71851E-07  5.45111E-01 
1.09500E+02 5.47500E-01  1.74028E-07  5.47627E-01 
1.10000E+02 5.50000E-01  1.76298E-07  5.50120E-01 
1.10500E+02 5.52500E-01  1.78802E-07  5.52629E-01 
1.11000E+02 5.55000E-01  1.81336E-07  5.55121E-01 
1.11500E+02 5.57500E-01  1.84026E-07  5.57619E-01 
1.12000E+02 5.60000E-01  1.86791E-07  5.60124E-01 
1.12500E+02 5.62500E-01  1.89872E-07  5.62628E-01 
1.13000E+02 5.65000E-01  1.93086E-07  5.65129E-01 
1.13500E+02 5.67500E-01  1.96490E-07  5.67630E-01 
1.14000E+02 5.70000E-01  2.00271E-07  5.70129E-01 
1.14500E+02 5.72500E-01  2.04019E-07  5.72634E-01 
1.15000E+02 5.75000E-01  2.08277E-07  5.75141E-01 
1.15500E+02 5.77500E-01  2.12730E-07  5.77633E-01 
1.16000E+02 5.80000E-01  2.18141E-07  5.80142E-01 
1.16500E+02 5.82500E-01  2.22916E-07  5.82647E-01 
1.17000E+02 5.85000E-01  2.28300E-07  5.85149E-01 
1.17500E+02 5.87500E-01  2.34231E-07  5.87634E-01 
1.18000E+02 5.90000E-01  2.40666E-07  5.90136E-01 
1.18500E+02 5.92500E-01  2.47460E-07  5.92647E-01 
1.19000E+02 5.95000E-01  2.55032E-07  5.95146E-01 
1.19500E+02 5.97500E-01  2.63035E-07  5.97646E-01 
1.20000E+02 6.00000E-01  2.71848E-07  6.00156E-01 
1.20500E+02 6.02500E-01  2.81382E-07  6.02647E-01 
1.21000E+02 6.05000E-01  2.91545E-07  6.05141E-01 
1.21500E+02 6.07500E-01  3.02850E-07  6.07650E-01 
1.22000E+02 6.10000E-01  3.14879E-07  6.10159E-01 
1.22500E+02 6.12500E-01  3.28208E-07  6.12660E-01 
1.23000E+02 6.15000E-01  3.42383E-07  6.15165E-01 
1.23500E+02 6.17500E-01  3.58081E-07  6.17659E-01 
1.24000E+02 6.20000E-01  3.74930E-07  6.20158E-01 
1.24500E+02 6.22500E-01  3.93524E-07  6.22654E-01 
1.25000E+02 6.25000E-01  4.13658E-07  6.25160E-01 
1.25500E+02 6.27500E-01  4.35511E-07  6.27656E-01 
1.26000E+02 6.30000E-01  4.59531E-07  6.30152E-01 
1.26500E+02 6.32500E-01  4.85408E-07  6.32653E-01 
1.27000E+02 6.35000E-01  5.13836E-07  6.35146E-01 
1.27500E+02 6.37500E-01  5.44443E-07  6.37647E-01 
1.28000E+02 6.40000E-01  5.77966E-07  6.40146E-01 
1.28500E+02 6.42500E-01  6.14441E-07  6.42639E-01 
1.29000E+02 6.45000E-01  6.53884E-07  6.45127E-01 
1.29500E+02 6.47500E-01  6.96190E-07  6.47631E-01 
1.30000E+02 6.50000E-01  7.41414E-07  6.50122E-01 
1.30500E+02 6.52500E-01  7.90003E-07  6.52616E-01 
1.31000E+02 6.55000E-01  8.42980E-07  6.55117E-01 
1.31500E+02 6.57500E-01  8.99376E-07  6.57607E-01 
1.32000E+02 6.60000E-01  9.60673E-07  6.60099E-01 
1.32500E+02 6.62500E-01  1.02669E-06  6.62604E-01 
1.33000E+02 6.65000E-01  1.09723E-06  6.65103E-01 
1.33500E+02 6.67500E-01  1.17257E-06  6.67611E-01 
1.34000E+02 6.70000E-01  1.25349E-06  6.70114E-01 
1.34500E+02 6.72500E-01  1.34022E-06  6.72612E-01 
1.35000E+02 6.75000E-01  1.43289E-06  6.75119E-01 
1.35500E+02 6.77500E-01  1.53145E-06  6.77622E-01 
1.36000E+02 6.80000E-01  1.63650E-06  6.80130E-01 
1.36500E+02 6.82500E-01  1.74675E-06  6.82628E-01 
1.37000E+02 6.85000E-01  1.86481E-06  6.85127E-01 
1.37500E+02 6.87500E-01  1.98876E-06  6.87618E-01 
1.38000E+02 6.90000E-01  2.11926E-06  6.90115E-01 
1.38500E+02 6.92500E-01  2.26323E-06  6.92615E-01 
1.39000E+02 6.95000E-01  2.40424E-06  6.95126E-01 
1.39500E+02 6.97500E-01  2.55375E-06  6.97624E-01 
1.40000E+02 7.00000E-01  2.71060E-06  7.00135E-01 
1.40500E+02 7.02500E-01  2.87348E-06  7.02634E-01 
1.41000E+02 7.05000E-01  3.04247E-06  7.05135E-01 
1.41500E+02 7.07500E-01  3.21781E-06  7.07632E-01 
1.42000E+02 7.10000E-01  3.39729E-06  7.10135E-01 
1.42500E+02 7.12500E-01  3.58313E-06  7.12637E-01 
1.43000E+02 7.15000E-01  3.77443E-06  7.15141E-01 
1.43500E+02 7.17500E-01  3.96878E-06  7.17630E-01 
1.44000E+02 7.20000E-01  4.16720E-06  7.20142E-01 
1.44500E+02 7.22500E-01  4.37045E-06  7.22636E-01 
1.45000E+02 7.25000E-01  4.57611E-06  7.25136E-01 
1.45500E+02 7.27500E-01  4.78551E-06  7.27642E-01 
1.46000E+02 7.30000E-01  4.99462E-06  7.30138E-01 
1.46500E+02 7.32500E-01  5.20610E-06  7.32647E-01 
1.47000E+02 7.35000E-01  5.41874E-06  7.35138E-01 
1.47500E+02 7.37500E-01  5.63034E-06  7.37645E-01 
1.48000E+02 7.40000E-01  5.84121E-06  7.40148E-01 
1.48500E+02 7.42500E-01  6.05081E-06  7.42649E-01 
1.49000E+02 7.45000E-01  6.25768E-06  7.45151E-01 
1.49500E+02 7.47500E-01  6.46224E-06  7.47649E-01 
1.50000E+02 7.50000E-01  6.66192E-06  7.50148E-01 
1.50500E+02 7.52500E-01  6.85704E-06  7.52647E-01 
1.51000E+02 7.55000E-01  7.04703E-06  7.55146E-01 
1.51500E+02 7.57500E-01  7.23019E-06  7.57649E-01 
1.52000E+02 7.60000E-01  7.40783E-06  7.60162E-01 
1.52500E+02 7.62500E-01  7.57676E-06  7.62651E-01 
1.53000E+02 7.65000E-01  7.73971E-06  7.65146E-01 
1.53500E+02 7.67500E-01  7.89564E-06  7.67656E-01 
1.54000E+02 7.70000E-01  8.04151E-06  7.70164E-01 
1.54500E+02 7.72500E-01  8.17855E-06  7.72658E-01 
1.55000E+02 7.75000E-01  8.30705E-06  7.75151E-01 
1.55500E+02 7.77500E-01  8.42621E-06  7.77651E-01 
1.56000E+02 7.80000E-01  8.53410E-06  7.80157E-01 
1.56500E+02 7.82500E-01  8.63263E-06  7.82663E-01 
1.57000E+02 7.85000E-01  8.71949E-06  7.85166E-01 
1.57500E+02 7.87500E-01  8.79599E-06  7.87672E-01 
1.58000E+02 7.90000E-01  8.86021E-06  7.90161E-01 
1.58500E+02 7.92500E-01  8.91325E-06  7.92660E-01 
1.59000E+02 7.95000E-01  8.95422E-06  7.95163E-01 
1.59500E+02 7.97500E-01  8.98279E-06  7.97671E-01 
1.60000E+02 8.00000E-01  8.99997E-06  8.00176E-01 
1.60500E+02 8.02500E-01  9.00474E-06  8.02667E-01 
1.61000E+02 8.05000E-01  8.99581E-06  8.05169E-01 
1.61500E+02 8.07500E-01  8.97500E-06  8.07672E-01 
1.62000E+02 8.10000E-01  8.94198E-06  8.10169E-01 
1.62500E+02 8.12500E-01  8.89745E-06  8.12672E-01 
1.63000E+02 8.15000E-01  8.84175E-06  8.15182E-01 
1.63500E+02 8.17500E-01  8.77429E-06  8.17680E-01 
1.64000E+02 8.20000E-01  8.69680E-06  8.20175E-01 
1.64500E+02 8.22500E-01  8.60871E-06  8.22682E-01 
1.65000E+02 8.25000E-01  8.51230E-06  8.25179E-01 
1.65500E+02 8.27500E-01  8.40823E-06  8.27685E-01 
1.66000E+02 8.30000E-01  8.29654E-06  8.30185E-01 
1.66500E+02 8.32500E-01  8.17943E-06  8.32690E-01 
1.67000E+02 8.35000E-01  8.05763E-06  8.35197E-01 
1.67500E+02 8.37500E-01  7.93216E-06  8.37698E-01 
1.68000E+02 8.40000E-01  7.80420E-06  8.40189E-01 
1.68500E+02 8.42500E-01  7.67549E-06  8.42696E-01 
1.69000E+02 8.45000E-01  7.54607E-06  8.45195E-01 
1.69500E+02 8.47500E-01  7.41722E-06  8.47700E-01 
1.70000E+02 8.50000E-01  7.28942E-06  8.50203E-01 
1.70500E+02 8.52500E-01  7.16326E-06  8.52703E-01 
1.71000E+02 8.55000E-01  7.03908E-06  8.55197E-01 
1.71500E+02 8.57500E-01  6.91704E-06  8.57686E-01 
1.72000E+02 8.60000E-01  6.79822E-06  8.60194E-01 
1.72500E+02 8.62500E-01  6.68227E-06  8.62700E-01 
1.73000E+02 8.65000E-01  6.57047E-06  8.65204E-01 
1.73500E+02 8.67500E-01  6.46142E-06  8.67707E-01 
1.74000E+02 8.70000E-01  6.35535E-06  8.70210E-01 
1.74500E+02 8.72500E-01  6.25389E-06  8.72701E-01 
1.75000E+02 8.75000E-01  6.15598E-06  8.75204E-01 
1.75500E+02 8.77500E-01  6.06097E-06  8.77709E-01 
1.76000E+02 8.80000E-01  5.96791E-06  8.80211E-01 
1.76500E+02 8.82500E-01  5.87916E-06  8.82705E-01 
1.77000E+02 8.85000E-01  5.79528E-06  8.85194E-01 
1.77500E+02 8.87500E-01  5.71273E-06  8.87705E-01 
1.78000E+02 8.90000E-01  5.63321E-06  8.90201E-01 
1.78500E+02 8.92500E-01  5.55591E-06  8.92714E-01 
1.79000E+02 8.95000E-01  5.48145E-06  8.95213E-01 
1.79500E+02 8.97500E-01  5.41166E-06  8.97710E-01 
1.80000E+02 9.00000E-01  5.34309E-06  9.00217E-01 
1.80500E+02 9.02500E-01  5.27696E-06  9.02717E-01 
1.81000E+02 9.05000E-01  5.21376E-06  9.05210E-01 
1.81500E+02 9.07500E-01  5.15280E-06  9.07708E-01 
1.82000E+02 9.10000E-01  5.09383E-06  9.10209E-01 
1.82500E+02 9.12500E-01  5.03641E-06  9.12713E-01 
1.83000E+02 9.15000E-01  4.98008E-06  9.15214E-01 
1.83500E+02 9.17500E-01  4.92691E-06  9.17718E-01 
1.84000E+02 9.20000E-01  4.87562E-06  9.20222E-01 
1.84500E+02 9.22500E-01  4.82676E-06  9.22717E-01 
1.85000E+02 9.25000E-01  4.77928E-06  9.25221E-01 
1.85500E+02 9.27500E-01  4.73420E-06  9.27726E-01 
1.86000E+02 9.30000E-01  4.69108E-06  9.30223E-01 
1.86500E+02 9.32500E-01  4.64891E-06  9.32728E-01 
1.87000E+02 9.35000E-01  4.60779E-06  9.35239E-01 
1.87500E+02 9.37500E-01  4.56864E-06  9.37733E-01 
1.88000E+02 9.40000E-01  4.53019E-06  9.40222E-01 
1.88500E+02 9.42500E-01  4.49252E-06  9.42729E-01 
1.89000E+02 9.45000E-01  4.45633E-06  9.45232E-01 
1.89500E+02 9.47500E-01  4.42054E-06  9.47729E-01 
1.90000E+02 9.50000E-01  4.38677E-06  9.50231E-01 
1.90500E+02 9.52500E-01  4.35473E-06  9.52731E-01 
1.91000E+02 9.55000E-01  4.32284E-06  9.55247E-01 
1.91500E+02 9.57500E-01  4.29271E-06  9.57743E-01 
1.92000E+02 9.60000E-01  4.26343E-06  9.60232E-01 
1.92500E+02 9.62500E-01  4.23589E-06  9.62743E-01 
1.93000E+02 9.65000E-01  4.20848E-06  9.65248E-01 
1.93500E+02 9.67500E-01  4.18230E-06  9.67749E-01 
1.94000E+02 9.70000E-01  4.15717E-06  9.70236E-01 
1.94500E+02 9.72500E-01  4.13196E-06  9.72735E-01 
1.95000E+02 9.75000E-01  4.10812E-06  9.75243E-01 
1.95500E+02 9.77500E-01  4.08415E-06  9.77742E-01 
1.96000E+02 9.80000E-01  4.06152E-06  9.80244E-01 
1.96500E+02 9.82500E-01  4.03975E-06  9.82753E-01 
1.97000E+02 9.85000E-01  4.01814E-06  9.85262E-01 
1.97500E+02 9.87500E-01  3.99724E-06  9.87751E-01 
1.98000E+02 9.90000E-01  3.97718E-06  9.90257E-01 
1.98500E+02 9.92500E-01  3.95816E-06  9.92761E-01 
1.99000E+02 9.95000E-01  3.93805E-06  9.95271E-01 
1.99500E+02 9.97500E-01  3.92011E-06  9.97767E-01 
2.00000E+02 9.95000E-01  3.86007E-06  9.95265E-01 
2.00500E+02 9.92500E-01  3.81110E-06  9.92758E-01 
2.01000E+02 9.90000E-01  3.76683E-06  9.90256E-01 
2.01500E+02 9.87500E-01  3.72534E-06  9.87753E-01 
2.02000E+02 9.85000E-01  3.68640E-06  9.85261E-01 
2.02500E+02 9.82500E-01  3.65001E-06  9.82763E-01 
2.03000E+02 9.80000E-01  3.61481E-06  9.80261E-01 
2.03500E+02 9.77500E-01  3.58093E-06  9.77759E-01 
2.04000E+02 9.75000E-01  3.54890E-06  9.75259E-01 
2.04500E+02 9.72500E-01  3.51856E-06  9.72752E-01 
2.05000E+02 9.70000E-01  3.48933E-06  9.70250E-01 
2.05500E+02 9.67500E-01  3.46057E-06  9.67759E-01 
2.06000E+02 9.65000E-01  3.43260E-06  9.65254E-01 
2.06500E+02 9.62500E-01  3.40572E-06  9.62752E-01 
2.07000E+02 9.60000E-01  3.37997E-06  9.60246E-01 
2.07500E+02 9.57500E-01  3.35434E-06  9.57754E-01 
2.08000E+02 9.55000E-01  3.32929E-06  9.55250E-01 
2.08500E+02 9.52500E-01  3.30451E-06  9.52740E-01 
2.09000E+02 9.50000E-01  3.28088E-06  9.50236E-01 
2.09500E+02 9.47500E-01  3.25833E-06  9.47741E-01 
2.10000E+02 9.45000E-01  3.23486E-06  9.45242E-01 
2.10500E+02 9.42500E-01  3.21305E-06  9.42736E-01 
2.11000E+02 9.40000E-01  3.19138E-06  9.40232E-01 
2.11500E+02 9.37500E-01  3.17030E-06  9.37731E-01 
2.12000E+02 9.35000E-01  3.14977E-06  9.35239E-01 
2.12500E+02 9.32500E-01  3.12945E-06  9.32737E-01 
2.13000E+02 9.30000E-01  3.11001E-06  9.30236E-01 
2.13500E+02 9.27500E-01  3.09055E-06  9.27739E-01 
2.14000E+02 9.25000E-01  3.07044E-06  9.25224E-01 
2.14500E+02 9.22500E-01  3.05202E-06  9.22720E-01 
2.15000E+02 9.20000E-01  3.03371E-06  9.20229E-01 
2.15500E+02 9.17500E-01  3.01448E-06  9.17731E-01 
2.16000E+02 9.15000E-01  2.99528E-06  9.15223E-01 
2.16500E+02 9.12500E-01  2.97619E-06  9.12716E-01 
2.17000E+02 9.10000E-01  2.95718E-06  9.10211E-01 
2.17500E+02 9.07500E-01  2.93809E-06  9.07710E-01 
2.18000E+02 9.05000E-01  2.91873E-06  9.05218E-01 
2.18500E+02 9.02500E-01  2.89974E-06  9.02724E-01 
2.19000E+02 9.00000E-01  2.88139E-06  9.00226E-01 
2.19500E+02 8.97500E-01  2.86254E-06  8.97715E-01 
2.20000E+02 8.95000E-01  2.84329E-06  8.95215E-01 
2.20500E+02 8.92500E-01  2.82396E-06  8.92721E-01 
2.21000E+02 8.90000E-01  2.80442E-06  8.90209E-01 
2.21500E+02 8.87500E-01  2.78457E-06  8.87700E-01 
2.22000E+02 8.85000E-01  2.76556E-06  8.85194E-01 
2.22500E+02 8.82500E-01  2.74573E-06  8.82702E-01 
2.23000E+02 8.80000E-01  2.72467E-06  8.80206E-01 
2.23500E+02 8.77500E-01  2.70275E-06  8.77705E-01 
2.24000E+02 8.75000E-01  2.67980E-06  8.75203E-01 
2.24500E+02 8.72500E-01  2.65591E-06  8.72702E-01 
2.25000E+02 8.70000E-01  2.63044E-06  8.70199E-01 
2.25500E+02 8.67500E-01  2.60391E-06  8.67692E-01 
2.26000E+02 8.65000E-01  2.57614E-06  8.65195E-01 
2.26500E+02 8.62500E-01  2.54673E-06  8.62695E-01 
2.27000E+02 8.60000E-01  2.51493E-06  8.60186E-01 
2.27500E+02 8.57500E-01  2.48148E-06  8.57675E-01 
2.28000E+02 8.55000E-01  2.44591E-06  8.55178E-01 
2.28500E+02 8.52500E-01  2.40806E-06  8.52680E-01 
2.29000E+02 8.50000E-01  2.36773E-06  8.50180E-01 
2.29500E+02 8.47500E-01  2.32507E-06  8.47675E-01 
2.30000E+02 8.45000E-01  2.27955E-06  8.45168E-01 
2.30500E+02 8.42500E-01  2.23075E-06  8.42669E-01 
2.31000E+02 8.40000E-01  2.17875E-06  8.40172E-01 
2.31500E+02 8.37500E-01  2.12332E-06  8.37673E-01 
2.32000E+02 8.35000E-01  2.06473E-06  8.35174E-01 
2.32500E+02 8.32500E-01  2.00116E-06  8.32659E-01 
2.33000E+02 8.30000E-01  1.93411E-06  8.30145E-01 
2.33500E+02 8.27500E-01  1.86310E-06  8.27643E-01 
2.34000E+02 8.25000E-01  1.78726E-06  8.25134E-01 
2.34500E+02 8.22500E-01  1.70658E-06  8.22629E-01 
2.35000E+02 8.20000E-01  1.62099E-06  8.20123E-01 
2.35500E+02 8.17500E-01  1.53067E-06  8.17624E-01 
2.36000E+02 8.15000E-01  1.43386E-06  8.15119E-01 
2.36500E+02 8.12500E-01  1.33118E-06  8.12599E-01 
2.37000E+02 8.10000E-01  1.22207E-06  8.10087E-01 
2.37500E+02 8.07500E-01  1.10571E-06  8.07568E-01 
2.38000E+02 8.05000E-01  9.81481E-07  8.05048E-01 
2.38500E+02 8.02500E-01  8.47845E-07  8.02497E-01 
2.39000E+02 8.00000E-01  7.04972E-07  7.99963E-01 
2.39500E+02 7.97500E-01  5.52676E-07  7.97423E-01 
2.40000E+02 7.95000E-01  3.92962E-07  7.94892E-01 
2.40500E+02 7.92500E-01  2.31908E-07  7.92394E-01 
2.41000E+02 7.90000E-01  7.20125E-08  7.89929E-01 
2.41500E+02 7.87500E-01  -8.78955E-08 7.87469E-01 
2.42000E+02 7.85000E-01  -2.54422E-07 7.84985E-01 
2.42500E+02 7.82500E-01  -4.21352E-07 7.82509E-01 
2.43000E+02 7.80000E-01  -5.94933E-07 7.80036E-01 
2.43500E+02 7.77500E-01  -7.76502E-07 7.77564E-01 
2.44000E+02 7.75000E-01  -9.63562E-07 7.75090E-01 
2.44500E+02 7.72500E-01  -1.15811E-06 7.72641E-01 
2.45000E+02 7.70000E-01  -1.35316E-06 7.70210E-01 
2.45500E+02 7.67500E-01  -1.53036E-06 7.67909E-01 
2.46000E+02 7.65000E-01  -1.63385E-06 7.66012E-01 
2.46500E+02 7.62500E-01  -1.81915E-06 7.63937E-01 
2.47000E+02 7.60000E-01  -2.12316E-06 7.61284E-01 
2.47500E+02 7.57500E-01  -2.44031E-06 7.58375E-01 
2.48000E+02 7.55000E-01  -2.69671E-06 7.55606E-01 
2.48500E+02 7.52500E-01  -2.94605E-06 7.52904E-01 
2.49000E+02 7.50000E-01  -3.17344E-06 7.50280E-01 
2.49500E+02 7.47500E-01  -3.38779E-06 7.47736E-01 
2.50000E+02 7.45000E-01  -3.60397E-06 7.45218E-01 
2.50500E+02 7.42500E-01  -3.82250E-06 7.42705E-01 
2.51000E+02 7.40000E-01  -4.04108E-06 7.40202E-01 
2.51500E+02 7.37500E-01  -4.25972E-06 7.37699E-01 
2.52000E+02 7.35000E-01  -4.47744E-06 7.35204E-01 
2.52500E+02 7.32500E-01  -4.69466E-06 7.32739E-01 
2.53000E+02 7.30000E-01  -4.92282E-06 7.30234E-01 
2.53500E+02 7.27500E-01  -5.13608E-06 7.27713E-01 
2.54000E+02 7.25000E-01  -5.33039E-06 7.25204E-01 
2.54500E+02 7.22500E-01  -5.52026E-06 7.22710E-01 
2.55000E+02 7.20000E-01  -5.70845E-06 7.20232E-01 
2.55500E+02 7.17500E-01  -5.89435E-06 7.17716E-01 
2.56000E+02 7.15000E-01  -6.06944E-06 7.15211E-01 
2.56500E+02 7.12500E-01  -6.23091E-06 7.12717E-01 
2.57000E+02 7.10000E-01  -6.38455E-06 7.10229E-01 
2.57500E+02 7.07500E-01  -6.53392E-06 7.07724E-01 
2.58000E+02 7.05000E-01  -6.67519E-06 7.05214E-01 
2.58500E+02 7.02500E-01  -6.80308E-06 7.02680E-01 
2.59000E+02 7.00000E-01  -6.92183E-06 7.00175E-01 
2.59500E+02 6.97500E-01  -7.02833E-06 6.97669E-01 
2.60000E+02 6.95000E-01  -7.12251E-06 6.95183E-01 
2.60500E+02 6.92500E-01  -7.21144E-06 6.92668E-01 
2.61000E+02 6.90000E-01  -7.28251E-06 6.90182E-01 
2.61500E+02 6.87500E-01  -7.34870E-06 6.87683E-01 
2.62000E+02 6.85000E-01  -7.40140E-06 6.85202E-01 
2.62500E+02 6.82500E-01  -7.44637E-06 6.82694E-01 
2.63000E+02 6.80000E-01  -7.47500E-06 6.80182E-01 
2.63500E+02 6.77500E-01  -7.48511E-06 6.77684E-01 
2.64000E+02 6.75000E-01  -7.48404E-06 6.75188E-01 
2.64500E+02 6.72500E-01  -7.46872E-06 6.72682E-01 
2.65000E+02 6.70000E-01  -7.44054E-06 6.70178E-01 
2.65500E+02 6.67500E-01  -7.39839E-06 6.67675E-01 
2.66000E+02 6.65000E-01  -7.34186E-06 6.65163E-01 
2.66500E+02 6.62500E-01  -7.27277E-06 6.62640E-01 
2.67000E+02 6.60000E-01  -7.19035E-06 6.60118E-01 
2.67500E+02 6.57500E-01  -7.09502E-06 6.57604E-01 
2.68000E+02 6.55000E-01  -6.98036E-06 6.55122E-01 
2.68500E+02 6.52500E-01  -6.86435E-06 6.52595E-01 
2.69000E+02 6.50000E-01  -6.73342E-06 6.50068E-01 
2.69500E+02 6.47500E-01  -6.59137E-06 6.47561E-01 
2.70000E+02 6.45000E-01  -6.44195E-06 6.45041E-01 
2.70500E+02 6.42500E-01  -6.28554E-06 6.42530E-01 
2.71000E+02 6.40000E-01  -6.12404E-06 6.40018E-01 
2.71500E+02 6.37500E-01  -5.95933E-06 6.37504E-01 
2.72000E+02 6.35000E-01  -5.79283E-06 6.34986E-01 
2.72500E+02 6.32500E-01  -5.62621E-06 6.32474E-01 
2.73000E+02 6.30000E-01  -5.46004E-06 6.29966E-01 
2.73500E+02 6.27500E-01  -5.29591E-06 6.27463E-01 
2.74000E+02 6.25000E-01  -5.13464E-06 6.24959E-01 
2.74500E+02 6.22500E-01  -4.97718E-06 6.22453E-01 
2.75000E+02 6.20000E-01  -4.82317E-06 6.19951E-01 
2.75500E+02 6.17500E-01  -4.67409E-06 6.17455E-01 
2.76000E+02 6.15000E-01  -4.52924E-06 6.14961E-01 
2.76500E+02 6.12500E-01  -4.38917E-06 6.12469E-01 
2.77000E+02 6.10000E-01  -4.25433E-06 6.09976E-01 
2.77500E+02 6.07500E-01  -4.12467E-06 6.07480E-01 
2.78000E+02 6.05000E-01  -3.99974E-06 6.04993E-01 
2.78500E+02 6.02500E-01  -3.88000E-06 6.02504E-01 
2.79000E+02 6.00000E-01  -3.76501E-06 6.00017E-01 
2.79500E+02 5.97500E-01  -3.65445E-06 5.97524E-01 
2.80000E+02 5.95000E-01  -3.54854E-06 5.95026E-01 
2.80500E+02 5.92500E-01  -3.44660E-06 5.92535E-01 
2.81000E+02 5.90000E-01  -3.34909E-06 5.90028E-01 
2.81500E+02 5.87500E-01  -3.25510E-06 5.87521E-01 
2.82000E+02 5.85000E-01  -3.16512E-06 5.85044E-01 
2.82500E+02 5.82500E-01  -3.07879E-06 5.82547E-01 
2.83000E+02 5.80000E-01  -2.99574E-06 5.80042E-01 
2.83500E+02 5.77500E-01  -2.91615E-06 5.77540E-01 
2.84000E+02 5.75000E-01  -2.83993E-06 5.75034E-01 
2.84500E+02 5.72500E-01  -2.76653E-06 5.72533E-01 
2.85000E+02 5.70000E-01  -2.69604E-06 5.70026E-01 
2.85500E+02 5.67500E-01  -2.62834E-06 5.67526E-01 
2.86000E+02 5.65000E-01  -2.56299E-06 5.65028E-01 
2.86500E+02 5.62500E-01  -2.50022E-06 5.62529E-01 
2.87000E+02 5.60000E-01  -2.44010E-06 5.60026E-01 
2.87500E+02 5.57500E-01  -2.38218E-06 5.57524E-01 
2.88000E+02 5.55000E-01  -2.32631E-06 5.55022E-01 
2.88500E+02 5.52500E-01  -2.27228E-06 5.52528E-01 
2.89000E+02 5.50000E-01  -2.22053E-06 5.50026E-01 
2.89500E+02 5.47500E-01  -2.17062E-06 5.47514E-01 
2.90000E+02 5.45000E-01  -2.12244E-06 5.45015E-01 
2.90500E+02 5.42500E-01  -2.07592E-06 5.42507E-01 
2.91000E+02 5.40000E-01  -2.03123E-06 5.40002E-01 
2.91500E+02 5.37500E-01  -1.98793E-06 5.37505E-01 
2.92000E+02 5.35000E-01  -1.94590E-06 5.35004E-01 
2.92500E+02 5.32500E-01  -1.90557E-06 5.32491E-01 
2.93000E+02 5.30000E-01  -1.86675E-06 5.29988E-01 
2.93500E+02 5.27500E-01  -1.82889E-06 5.27481E-01 
2.94000E+02 5.25000E-01  -1.79245E-06 5.24973E-01 
2.94500E+02 5.22500E-01  -1.75709E-06 5.22465E-01 
2.95000E+02 5.20000E-01  -1.72291E-06 5.19976E-01 
2.95500E+02 5.17500E-01  -1.68993E-06 5.17467E-01 
2.96000E+02 5.15000E-01  -1.65786E-06 5.14963E-01 
2.96500E+02 5.12500E-01  -1.62668E-06 5.12471E-01 
2.97000E+02 5.10000E-01  -1.59683E-06 5.09976E-01 
2.97500E+02 5.07500E-01  -1.56773E-06 5.07482E-01 
2.98000E+02 5.05000E-01  -1.53958E-06 5.04978E-01 
2.98500E+02 5.02500E-01  -1.51228E-06 5.02482E-01 
2.99000E+02 5.00000E-01  -1.48584E-06 4.99984E-01 
2.99500E+02 4.97500E-01  -1.46025E-06 4.97487E-01 
3.00000E+02 4.95000E-01  -1.43526E-06 4.94990E-01 
3.00500E+02 4.92500E-01  -1.41095E-06 4.92491E-01 
3.01000E+02 4.90000E-01  -1.38743E-06 4.89989E-01 
3.01500E+02 4.87500E-01  -1.36456E-06 4.87489E-01 
3.02000E+02 4.85000E-01  -1.34248E-06 4.84996E-01 
3.02500E+02 4.82500E-01  -1.32089E-06 4.82493E-01 
3.03000E+02 4.80000E-01  -1.29986E-06 4.80002E-01 
3.03500E+02 4.77500E-01  -1.27972E-06 4.77493E-01 
3.04000E+02 4.75000E-01  -1.25984E-06 4.74990E-01 
3.04500E+02 4.72500E-01  -1.24054E-06 4.72488E-01 
3.05000E+02 4.70000E-01  -1.22171E-06 4.69991E-01 
3.05500E+02 4.67500E-01  -1.20337E-06 4.67494E-01 
3.06000E+02 4.65000E-01  -1.18576E-06 4.64994E-01 
3.06500E+02 4.62500E-01  -1.16840E-06 4.62490E-01 
3.07000E+02 4.60000E-01  -1.15169E-06 4.59986E-01 
3.07500E+02 4.57500E-01  -1.13522E-06 4.57481E-01 
3.08000E+02 4.55000E-01  -1.11923E-06 4.54988E-01 
3.08500E+02 4.52500E-01  -1.10343E-06 4.52506E-01 
3.09000E+02 4.50000E-01  -1.08832E-06 4.49994E-01 
3.09500E+02 4.47500E-01  -1.07346E-06 4.47491E-01 
3.10000E+02 4.45000E-01  -1.05922E-06 4.44983E-01 
3.10500E+02 4.42500E-01  -1.04523E-06 4.42473E-01 
3.11000E+02 4.40000E-01  -1.03147E-06 4.39970E-01 
3.11500E+02 4.37500E-01  -1.01806E-06 4.37469E-01 
3.12000E+02 4.35000E-01  -1.00492E-06 4.34969E-01 
3.12500E+02 4.32500E-01  -9.92245E-07 4.32476E-01 
3.13000E+02 4.30000E-01  -9.79898E-07 4.29973E-01 
3.13500E+02 4.27500E-01  -9.67747E-07 4.27465E-01 
3.14000E+02 4.25000E-01  -9.55796E-07 4.24970E-01 
3.14500E+02 4.22500E-01  -9.44245E-07 4.22471E-01 
3.15000E+02 4.20000E-01  -9.32873E-07 4.19965E-01 
3.15500E+02 4.17500E-01  -9.21782E-07 4.17463E-01 
3.16000E+02 4.15000E-01  -9.11007E-07 4.14969E-01 
3.16500E+02 4.12500E-01  -9.00681E-07 4.12464E-01 
3.17000E+02 4.10000E-01  -8.90351E-07 4.09953E-01 
3.17500E+02 4.07500E-01  -8.80231E-07 4.07454E-01 
3.18000E+02 4.05000E-01  -8.70424E-07 4.04961E-01 
3.18500E+02 4.02500E-01  -8.60838E-07 4.02462E-01 
3.19000E+02 4.00000E-01  -8.51291E-07 3.99962E-01 
3.19500E+02 3.97500E-01  -8.42107E-07 3.97454E-01 
3.20000E+02 3.95000E-01  -8.32969E-07 3.94949E-01 
3.20500E+02 3.92500E-01  -8.24234E-07 3.92449E-01 
3.21000E+02 3.90000E-01  -8.15488E-07 3.89953E-01 
3.21500E+02 3.87500E-01  -8.07112E-07 3.87455E-01 
3.22000E+02 3.85000E-01  -7.98740E-07 3.84941E-01 
3.22500E+02 3.82500E-01  -7.90679E-07 3.82437E-01 
3.23000E+02 3.80000E-01  -7.82673E-07 3.79946E-01 
3.23500E+02 3.77500E-01  -7.74836E-07 3.77447E-01 
3.24000E+02 3.75000E-01  -7.67152E-07 3.74944E-01 
3.24500E+02 3.72500E-01  -7.59687E-07 3.72435E-01 
3.25000E+02 3.70000E-01  -7.52237E-07 3.69934E-01 
3.25500E+02 3.67500E-01  -7.45085E-07 3.67440E-01 
3.26000E+02 3.65000E-01  -7.37998E-07 3.64943E-01 
3.26500E+02 3.62500E-01  -7.30939E-07 3.62441E-01 
3.27000E+02 3.60000E-01  -7.24209E-07 3.59936E-01 
3.27500E+02 3.57500E-01  -7.17411E-07 3.57432E-01 
3.28000E+02 3.55000E-01  -7.11074E-07 3.54924E-01 
3.28500E+02 3.52500E-01  -7.04269E-07 3.52420E-01 
3.29000E+02 3.50000E-01  -6.97970E-07 3.49919E-01 
3.29500E+02 3.47500E-01  -6.91733E-07 3.47423E-01 
3.30000E+02 3.45000E-01  -6.85628E-07 3.44914E-01 
3.30500E+02 3.42500E-01  -6.79519E-07 3.42409E-01 
3.31000E+02 3.40000E-01  -6.73794E-07 3.39905E-01 
3.31500E+02 3.37500E-01  -6.68106E-07 3.37406E-01 
3.32000E+02 3.35000E-01  -6.62413E-07 3.34906E-01 
3.32500E+02 3.32500E-01  -6.56965E-07 3.32411E-01 
3.33000E+02 3.30000E-01  -6.51521E-07 3.29894E-01 
3.33500E+02 3.27500E-01  -6.46382E-07 3.27385E-01 
3.34000E+02 3.25000E-01  -6.41115E-07 3.24877E-01 
3.34500E+02 3.22500E-01  -6.35913E-07 3.22368E-01 
3.35000E+02 3.20000E-01  -6.30904E-07 3.19851E-01 
3.35500E+02 3.17500E-01  -6.25952E-07 3.17350E-01 
3.36000E+02 3.15000E-01  -6.21110E-07 3.14833E-01 
3.36500E+02 3.12500E-01  -6.16375E-07 3.12316E-01 
3.37000E+02 3.10000E-01  -6.11560E-07 3.09791E-01 
3.37500E+02 3.07500E-01  -6.06961E-07 3.07265E-01 
3.38000E+02 3.05000E-01  -6.02403E-07 3.04740E-01 
3.38500E+02 3.02500E-01  -5.98003E-07 3.02216E-01 
3.39000E+02 3.00000E-01  -5.93496E-07 2.99703E-01 
3.39500E+02 2.97500E-01  -5.89142E-07 2.97190E-01 
3.40000E+02 2.95000E-01  -5.84690E-07 2.94685E-01 
3.40500E+02 2.92500E-01  -5.80418E-07 2.92177E-01 
3.41000E+02 2.90000E-01  -5.76071E-07 2.89676E-01 
3.41500E+02 2.87500E-01  -5.71837E-07 2.87189E-01 
3.42000E+02 2.85000E-01  -5.67670E-07 2.84710E-01 
3.42500E+02 2.82500E-01  -5.63566E-07 2.82222E-01 
3.43000E+02 2.80000E-01  -5.59758E-07 2.79741E-01 
3.43500E+02 2.77500E-01  -5.56019E-07 2.77263E-01 
3.44000E+02 2.75000E-01  -5.52565E-07 2.74769E-01 
3.44500E+02 2.72500E-01  -5.49089E-07 2.72280E-01 
3.45000E+02 2.70000E-01  -5.45750E-07 2.69797E-01 
3.45500E+02 2.67500E-01  -5.42483E-07 2.67305E-01 
3.46000E+02 2.65000E-01  -5.39242E-07 2.64803E-01 
3.46500E+02 2.62500E-01  -5.36002E-07 2.62311E-01 
3.47000E+02 2.60000E-01  -5.32924E-07 2.59808E-01 
3.47500E+02 2.57500E-01  -5.29846E-07 2.57311E-01 
3.48000E+02 2.55000E-01  -5.26786E-07 2.54811E-01 
3.48500E+02 2.52500E-01  -5.23962E-07 2.52306E-01 
3.49000E+02 2.50000E-01  -5.21177E-07 2.49806E-01 
3.49500E+02 2.47500E-01  -5.18408E-07 2.47296E-01 
3.50000E+02 2.45000E-01  -5.15758E-07 2.44795E-01 
3.50500E+02 2.42500E-01  -5.12958E-07 2.42286E-01 
3.51000E+02 2.40000E-01  -5.10247E-07 2.39776E-01 
3.51500E+02 2.37500E-01  -5.07616E-07 2.37259E-01 
3.52000E+02 2.35000E-01  -5.05109E-07 2.34752E-01 
3.52500E+02 2.32500E-01  -5.02658E-07 2.32243E-01 
3.53000E+02 2.30000E-01  -5.00278E-07 2.29721E-01 
3.53500E+02 2.27500E-01  -4.97716E-07 2.27198E-01 
3.54000E+02 2.25000E-01  -4.95215E-07 2.24689E-01 
3.54500E+02 2.22500E-01  -4.92505E-07 2.22187E-01 
3.55000E+02 2.20000E-01  -4.89893E-07 2.19702E-01 
3.55500E+02 2.17500E-01  -4.87507E-07 2.17228E-01 
3.56000E+02 2.15000E-01  -4.85366E-07 2.14752E-01 
3.56500E+02 2.12500E-01  -4.83322E-07 2.12274E-01 
3.57000E+02 2.10000E-01  -4.81455E-07 2.09788E-01 
3.57500E+02 2.07500E-01  -4.79832E-07 2.07295E-01 
3.58000E+02 2.05000E-01  -4.77965E-07 2.04800E-01 
3.58500E+02 2.02500E-01  -4.76061E-07 2.02312E-01 
3.59000E+02 2.00000E-01  -4.74453E-07 1.99822E-01 
3.59500E+02 1.97500E-01  -4.72609E-07 1.97322E-01 
3.60000E+02 1.95000E-01  -4.70987E-07 1.94826E-01 
3.60500E+02 1.92500E-01  -4.69343E-07 1.92322E-01 
3.61000E+02 1.90000E-01  -4.67876E-07 1.89826E-01 
3.61500E+02 1.87500E-01  -4.66308E-07 1.87324E-01 
3.62000E+02 1.85000E-01  -4.64611E-07 1.84821E-01 
3.62500E+02 1.82500E-01  -4.63221E-07 1.82317E-01 
3.63000E+02 1.80000E-01  -4.61677E-07 1.79822E-01 
3.63500E+02 1.77500E-01  -4.60290E-07 1.77320E-01 
3.64000E+02 1.75000E-01  -4.58921E-07 1.74823E-01 
3.64500E+02 1.72500E-01  -4.57646E-07 1.72316E-01 
3.65000E+02 1.70000E-01  -4.56363E-07 1.69834E-01 
3.65500E+02 1.67500E-01  -4.55026E-07 1.67340E-01 
3.66000E+02 1.65000E-01  -4.53846E-07 1.64836E-01 
3.66500E+02 1.62500E-01  -4.52792E-07 1.62329E-01 
3.67000E+02 1.60000E-01  -4.51658E-07 1.59820E-01 
3.67500E+02 1.57500E-01  -4.50212E-07 1.57323E-01 
3.68000E+02 1.55000E-01  -4.49288E-07 1.54826E-01 
3.68500E+02 1.52500E-01  -4.48278E-07 1.52330E-01 
3.69000E+02 1.50000E-01  -4.47247E-07 1.49830E-01 
3.69500E+02 1.47500E-01  -4.46237E-07 1.47321E-01 
3.70000E+02 1.45000E-01  -4.45522E-07 1.44829E-01 
3.70500E+02 1.42500E-01  -4.44538E-07 1.42312E-01 
3.71000E+02 1.40000E-01  -4.43540E-07 1.39814E-01 
3.71500E+02 1.37500E-01  -4.42781E-07 1.37324E-01 
3.72000E+02 1.35000E-01  -4.42093E-07 1.34823E-01 
3.72500E+02 1.32500E-01  -4.41214E-07 1.32320E-01 
3.73000E+02 1.30000E-01  -4.40417E-07 1.29817E-01 
3.73500E+02 1.27500E-01  -4.39712E-07 1.27312E-01 
3.74000E+02 1.25000E-01  -4.39146E-07 1.24816E-01 
3.74500E+02 1.22500E-01  -4.38445E-07 1.22305E-01 
3.75000E+02 1.20000E-01  -4.37800E-07 1.19811E-01 
3.75500E+02 1.17500E-01  -4.37230E-07 1.17305E-01 
3.76000E+02 1.15000E-01  -4.36829E-07 1.14808E-01 
3.76500E+02 1.12500E-01  -4.36179E-07 1.12311E-01 
3.77000E+02 1.10000E-01  -4.35825E-07 1.09806E-01 
3.77500E+02 1.07500E-01  -4.35379E-07 1.07307E-01 
3.78000E+02 1.05000E-01  -4.34987E-07 1.04805E-01 
3.78500E+02 1.02500E-01  -4.34566E-07 1.02306E-01 
3.79000E+02 1.00000E-01  -4.34207E-07 9.98042E-02 
3.79500E+02 9.75000E-02  -4.33960E-07 9.73035E-02 
3.80000E+02 9.50000E-02  -4.33634E-07 9.48049E-02 
3.80500E+02 9.25000E-02  -4.33395E-07 9.23003E-02 
3.81000E+02 9.00000E-02  -4.33166E-07 8.97907E-02 
3.81500E+02 8.75000E-02  -4.33068E-07 8.72944E-02 
3.82000E+02 8.50000E-02  -4.32989E-07 8.47968E-02 
3.82500E+02 8.25000E-02  -4.32807E-07 8.22936E-02 
3.83000E+02 8.00000E-02  -4.32711E-07 7.97980E-02 
3.83500E+02 7.75000E-02  -4.32724E-07 7.72943E-02 
3.84000E+02 7.50000E-02  -4.32715E-07 7.47877E-02 
3.84500E+02 7.25000E-02  -4.32796E-07 7.22859E-02 
3.85000E+02 7.00000E-02  -4.32810E-07 6.97915E-02 
3.85500E+02 6.75000E-02  -4.33071E-07 6.72873E-02 
3.86000E+02 6.50000E-02  -4.33199E-07 6.47838E-02 
3.86500E+02 6.25000E-02  -4.33280E-07 6.22781E-02 
3.87000E+02 6.00000E-02  -4.33605E-07 5.97815E-02 
3.87500E+02 5.75000E-02  -4.33964E-07 5.72744E-02 
3.88000E+02 5.50000E-02  -4.34279E-07 5.47686E-02 
3.88500E+02 5.25000E-02  -4.34583E-07 5.22658E-02 
3.89000E+02 5.00000E-02  -4.35089E-07 4.97721E-02 
3.89500E+02 4.75000E-02  -4.35579E-07 4.72699E-02 
3.90000E+02 4.50000E-02  -4.35977E-07 4.47708E-02 
3.90500E+02 4.25000E-02  -4.36489E-07 4.22712E-02 
3.91000E+02 4.00000E-02  -4.37228E-07 3.97699E-02 
3.91500E+02 3.75000E-02  -4.37843E-07 3.72705E-02 
3.92000E+02 3.50000E-02  -4.38567E-07 3.47712E-02 
3.92500E+02 3.25000E-02  -4.39366E-07 3.22679E-02 
3.93000E+02 3.00000E-02  -4.40203E-07 2.97665E-02 
3.93500E+02 2.75000E-02  -4.41109E-07 2.72618E-02 
3.94000E+02 2.50000E-02  -4.42091E-07 2.47559E-02 
3.94500E+02 2.25000E-02  -4.43087E-07 2.22603E-02 
3.95000E+02 2.00000E-02  -4.44262E-07 1.97556E-02 
3.95500E+02 1.75000E-02  -4.45553E-07 1.72607E-02 
3.96000E+02 1.50000E-02  -4.46742E-07 1.47560E-02 
3.96500E+02 1.25000E-02  -4.48087E-07 1.22523E-02 
3.97000E+02 1.00000E-02  -4.49558E-07 9.75298E-03 
3.97500E+02 7.50000E-03  -4.51201E-07 7.24940E-03 
3.98000E+02 5.00000E-03  -4.52992E-07 4.75144E-03 
3.98500E+02 2.50000E-03  -4.54648E-07 2.25864E-03 
